0
10
2
3
9
6
2
1
8
4
63
1
1
7
4
5
3
3
10
11
3
9
13
2
15
1
13
3
1
2
4
1
12
24
11
38
1
10
6
4
2
10
31
5
1
4
4
13
4
8
8
2
6
12
8
1
2
2
9
5
3
6
11
11
1
3
3
6
2
57
4
2
7
2
3
7
6
7
59
4
3
13
70
4
3
9
12
2
15
2
4
6
1
15
3
13
2
2
1
6
4
4
5
5
1
5
8
2
4
2
1
3
5
1
5
4
8
62
5
1
2
1
19
12
6
4
15
2
6
8
1
8
10
7
2
4
1
5
4
43
16
1
2
4
5
5
48
28
1
13
24
1
10
1
6
3
1
1
7
4
49
8
5
11
2
10
13
16
3
15
2
48
8
2
1
6
1
4
1
5
4
2
26
2
26
6
8
1
7
4
8
1
1
9
40
2
4
7
1
2
5
9
13
4
4
2
4
4
14
9
2
65
5
3
10
3
8
2
6
6
1
5
12
83
5
4
2
6
7
5
5
1
11
3
8
36
5
1
2
20
4
5
2
2
4
12
6
4
40
3
8
41
4
8
4
53
4
7
5
55
9
8
1
1
4
10
6
26
4
8
2
7
9
3
50
2
13
10
3
6
14
5
2
4
2
4
3
19
7
4
6
6
4
1
9
7
2
12
12
43
3
5
1
5
2
3
6
9
3
6
1
6
14
1
3
4
6
4
4
2
6
58
3
26
4
4
17
2
3
8
3
9
2
11
6
4
7
61
4
4
12
10
700
217
385
435
9
314
171
60
158
2
312
316
261
381
8
487
216
273
277
5
14
4
23
3
221
192
278
160
2
196
1126
16
196
1
68
135
47
21
12
120
148
338
207
15
12
1
2
1
322
154
217
262
6
185
430
52
206
5
173
244
178
184
2
181
179
239
126
7
3
6
2
6
308
143
71
349
9
142
217
18
228
5
166
169
222
235
6
135
126
156
368
4
11
4
4
28
11
4
5
3
4
2
4
25
4
3
15
5
7
3
1
2
322
226
190
142
16
263
202
49
200
9
257
185
428
204
2
151
114
245
164
10
2
1
3
2
147
284
308
195
58
208
335
121
1013
1
89
135
137
25
3
118
245
352
175
3
4
4
2
1
25
44
92
16
10
141
153
84
27
2
69
100
190
140
4
12
69
68
40
11
9
3
1
7
131
114
98
135
4
140
257
13
138
1
273
387
225
322
5
136
193
200
220
6
6
32
4
29
7
6
4
4
1
5
23
6
11
39
9
6
18
8
3
2
424
347
326
277
3
264
173
194
216
65
505
267
579
243
12
131
158
175
244
8
4
4
7
1
281
252
291
231
4
302
383
236
382
1
39
124
53
34
9
154
255
390
170
3
3
15
4
8
378
263
521
98
8
433
263
494
320
7
369
441
407
287
4
104
227
426
75
1
3
11
8
1
232
171
195
55
9
121
147
100
234
3
265
147
316
247
1
82
142
92
212
6
9
4
8
4
71
3
4
13
5
3
2
6
4
12
4
5
4
6
2
4
335
105
93
160
7
154
74
31
122
2
104
41
135
105
6
148
74
313
187
10
4
2
65
11
172
169
222
145
5
162
152
103
173
2
80
49
23
19
5
74
201
293
193
2
2
17
9
9
168
106
150
113
1
153
267
27
305
4
164
178
238
165
10
181
180
262
228
6
3
7
3
7
131
140
162
174
3
186
188
16
212
5
86
168
127
174
12
185
314
266
434
9
7
2
2
11
13
3
2
9
6
4
6
1
12
4
10
6
7
1
32
3
16
2
3
5
3
3
3
1
61
12
3
7
4
4
1
73
13
1
46
6
12
12
1
2
3
2
2
13
3
12
11
67
10
3
5
6
7
2
4
1
12
41
49
4
3
1
10
12
14
5
4
2
6
54
6
3
5
3
4
26
4
2
7
1
252
154
434
177
15
242
221
112
232
5
202
193
220
110
2
111
90
206
126
10
5
6
4
8
295
251
380
253
1
304
280
233
325
3
66
215
191
92
4
172
188
433
180
13
7
3
17
8
357
210
811
117
3
475
408
107
463
5
418
671
700
332
2
286
260
240
157
11
11
1
7
3
114
76
130
135
3
296
212
61
268
10
129
229
216
319
3
95
156
140
260
2
8
5
10
5
8
1
59
8
47
4
1
1
3
7
42
2
8
17
5
30
194
227
237
104
5
378
526
65
246
10
278
542
677
332
7
86
301
191
201
6
68
8
3
20
234
343
542
173
17
379
313
108
566
11
89
129
160
98
19
1070
581
609
240
2
6
42
3
6
160
66
86
32
2
47
415
243
58
3
116
296
548
51
3
10
100
160
70
47
1
17
2
14
1074
199
230
98
61
307
430
189
473
10
299
650
589
424
4
60
321
272
299
1
8
1
4
4
7
5
1
37
4
5
2
1
2
4
2
6
2
1
1
1
147
8
52
16
1
49
101
25
93
1
123
49
72
26
1
9
30
57
17
1
1
12
7
1
95
81
680
10
45
44
412
546
199
3
17
421
218
98
1
9
74
100
20
4
8
2
1
1
22
20
153
107
3
51
160
273
89
33
130
375
241
220
1
41
16
309
21
2
1
5
3
1
9
8
9
14
1
133
102
61
70
1
33
106
159
117
2
68
39
78
29
4
24
33
7
2
3
10
9
2
2
15
13
2
78
4
6
4
5
3
14
13
246
1000
90
83
32
174
173
80
132
22
129
129
306
60
3
104
60
93
150
16
14
6
47
2
240
311
380
167
5
455
395
324
447
3
8
157
69
34
9
141
433
331
433
9
9
3
5
2
185
254
421
233
13
546
544
121
575
13
450
575
598
185
20
256
259
674
434
5
1
4
40
2
158
91
189
170
1
236
338
46
336
11
190
521
252
155
9
126
255
259
334
1
2
8
5
6
6
2
7
15
8
13
14
6
1
1
7
2
7
10
24
4
13
4
8
2
5
4
4
5
2
5
4
5
3
44
1
2
12
2
7
3
15
4
5
1
47
2
6
36
2
5
3
4
11
5
7
5
5
45
10
3
3
8
5
4
4
16
7
48
1
1
20
3
8
3
2
4
2
3
2
1
3
12
3
61
373
184
268
277
2
129
194
87
211
21
317
206
230
146
4
112
114
232
167
5
1
1
12
2
185
190
239
153
12
165
225
84
247
5
38
41
184
25
4
108
130
175
180
16
23
7
45
16
411
331
445
262
10
318
318
33
223
13
515
473
357
192
10
132
109
230
126
1
67
15
10
1
109
85
39
88
4
149
98
81
149
5
157
215
173
110
1
193
211
162
248
8
3
1
4
3
1
6
8
1
28
24
2
12
8
4
2
4
9
40
3
2
276
185
149
173
3
225
192
250
284
7
682
500
773
131
8
149
154
279
104
4
1
47
5
2
165
209
586
289
3
383
459
157
640
39
74
281
603
172
19
197
331
471
296
6
5
1
2
2
17
79
44
13
6
606
635
306
40
4
85
133
170
178
2
7
142
160
25
2
12
2
79
1
72
150
171
55
6
328
499
33
298
8
220
399
689
432
1
173
178
282
110
4
2
6
6
8
7
1
2
3
10
7
5
29
8
17
5
8
47
4
4
11
399
110
240
194
12
316
220
32
119
23
500
376
539
159
7
69
190
186
337
6
12
8
3
43
210
339
471
174
3
428
466
187
374
2
71
960
245
158
1
68
310
465
173
7
4
1
38
3
346
235
370
330
7
414
509
269
327
9
386
465
466
310
1
184
314
349
228
6
6
3
2
5
76
82
168
121
47
169
144
53
290
3
256
319
677
242
2
58
66
157
193
4
3
4
6
5
7
1
3
8
18
2
11
3
2
4
12
1
6
2
4
3
176
98
86
143
1
85
156
7
157
2
203
57
108
172
4
104
145
68
132
5
3
47
6
2
94
225
164
131
2
182
145
8
268
1
52
73
66
54
2
177
253
360
188
3
10
27
6
8
266
113
216
236
25
330
242
28
489
5
363
536
270
289
9
170
176
370
286
3
4
2
2
7
126
62
93
45
1
197
161
10
175
1
131
207
155
102
3
343
153
186
189
7
3
4
3
2
19
12
6
40
2
4
1
9
8
7
3
3
6
5
4
73
6
1
8
1
5
8
2
8
4
2
13
11
1
14
6
6
14
1
6
5
3
14
1
6
5
13
4
3
4
4
7
4
2
1
79
7
7
1
7
5
43
5
9
10
4
3
5
4
1
5
6
7
2
4
3
3
14
4
3
3
15
4
6
9
412
155
182
363
20
163
948
12
216
2
121
101
72
89
4
160
190
81
218
3
28
2
8
3
178
87
175
107
1
262
91
52
110
4
5
11
76
54
4
83
82
261
175
4
4
22
1
10
262
144
148
78
4
68
145
55
84
2
152
99
271
127
9
51
59
256
116
8
1
1
7
7
158
76
145
150
65
120
60
12
119
10
92
131
133
194
9
185
101
91
334
6
7
15
9
10
4
3
5
4
54
1
2
1
70
5
44
7
11
8
6
5
223
181
148
114
1
264
219
201
240
14
284
226
241
272
13
65
212
184
182
5
2
4
42
8
233
314
399
126
7
333
264
99
285
2
96
216
108
47
26
215
300
527
243
3
2
1
2
1
20
79
43
49
3
69
38
119
78
6
28
39
89
15
2
10
55
25
76
8
2
10
8
4
154
123
143
114
12
263
435
35
436
7
302
344
306
459
40
237
250
373
348
5
5
11
1
2
8
3
9
9
8
10
26
10
6
5
3
11
3
3
3
5
185
157
294
132
3
133
237
38
168
2
332
206
317
163
73
112
101
238
212
1
1
31
9
11
194
234
623
278
5
464
357
199
349
8
27
82
51
45
84
217
518
789
332
4
3
7
16
51
200
176
542
252
11
329
513
384
278
1
384
243
474
251
11
121
145
407
151
8
6
20
8
6
185
144
165
259
4
191
186
30
360
39
279
534
310
398
6
121
289
268
439
3
3
6
6
7
7
2
11
9
2
3
2
7
2
2
40
12
1
5
4
8
355
116
114
263
1
130
112
30
189
5
197
116
98
150
4
178
93
82
237
6
1
6
2
17
156
218
206
208
41
278
286
31
415
2
50
22
13
60
12
141
282
351
429
8
1
6
4
1
150
104
227
147
3
306
316
36
560
8
241
218
211
191
3
151
154
234
171
4
19
3
6
6
436
167
120
201
10
174
358
71
452
2
219
317
294
278
8
268
339
346
