15 1 0 0 40699836 0 0 40699836 34
15 1 0 0 29095240 0 0 29095240 31
15 1 0 0 59311984 0 0 59311984 34
15 1 0 0 2203408 0 0 2203408 31
15 1 0 0 35521368 0 0 35521368 98
15 1 0 0 48820236 0 0 48820236 34
15 1 0 0 4020788 0 0 4020788 98
15 1 0 0 73077328 0 0 73077328 34
15 1 0 0 41139824 0 0 41139824 98
15 1 0 0 92186632 0 0 92186632 34
15 1 0 0 29471996 0 0 29471996 98
15 1 0 0 62601832 0 0 62601832 98
15 1 0 0 46875112 0 0 46875112 98
15 1 0 0 103864172 0 0 103864172 34
15 1 0 0 81213980 0 0 81213980 98
15 1 0 0 94269860 0 0 94269860 34
15 1 0 0 70722232 0 0 70722232 98
15 1 0 0 66358724 0 0 66358724 98
15 1 0 0 94979324 0 0 94979324 98
15 1 0 0 133108412 0 0 133108412 34
15 1 0 0 114088628 0 0 114088628 98
15 1 0 0 117449524 0 0 117449524 34
15 1 0 0 122135716 0 0 122135716 34
15 1 0 0 72485164 0 0 72485164 98
15 1 0 0 155065120 0 0 155065120 34
15 1 0 0 125766168 0 0 125766168 98
15 1 0 0 116171856 0 0 116171856 98
15 1 0 0 141509956 0 0 141509956 95
15 1 0 0 132333876 0 0 132333876 34
15 1 0 0 121221756 0 0 121221756 75
15 1 0 0 141509948 0 0 141509948 96
15 1 0 0 158646752 0 0 158646752 95
15 1 0 0 155010408 0 0 155010408 98
15 1 0 0 67960356 0 0 67960356 98
15 1 0 0 139244936 0 0 139244936 95
15 1 0 0 139351520 0 0 139351520 98
15 1 0 0 22312192 0 0 22312192 69
15 1 0 0 143394824 0 0 143394824 98
15 1 0 0 144037712 0 0 144037712 98
15 1 0 0 141925148 0 0 141925148 75
15 1 0 0 10473836 0 0 10473836 69
15 1 0 0 103794316 0 0 103794316 98
15 1 0 0 145794856 0 0 145794856 75
15 1 0 0 41843556 0 0 41843556 75
15 1 0 0 55126792 0 0 55126792 75
15 1 0 0 176967116 0 0 176967116 98
15 1 0 0 9605932 0 0 9605932 69
15 1 0 0 2679496 0 0 2679496 93
15 1 0 0 21743968 0 0 21743968 69
15 1 0 0 116055424 0 0 116055424 98
15 1 0 0 14036940 0 0 14036940 93
15 1 0 0 115211536 0 0 115211536 98
15 1 0 0 29208176 0 0 29208176 98
15 1 0 0 58531664 0 0 58531664 75
15 1 0 0 64016624 0 0 64016624 98
15 1 0 0 146400476 0 0 146400476 75
15 1 0 0 125795232 0 0 125795232 98
15 1 0 0 77299860 0 0 77299860 98
15 1 0 0 139750672 0 0 139750672 98
15 1 0 0 156501484 0 0 156501484 75
15 1 0 0 129332944 0 0 129332944 93
15 1 0 0 157166808 0 0 157166808 75
15 1 0 0 108619388 0 0 108619388 93
15 1 0 0 155353100 0 0 155353100 98
15 1 0 0 62182616 0 0 62182616 75
15 1 0 0 122662184 0 0 122662184 93
15 1 0 0 80704732 0 0 80704732 98
15 1 0 0 94276988 0 0 94276988 75
15 1 0 0 98610128 0 0 98610128 75
15 1 0 0 107847264 0 0 107847264 75
15 1 0 0 149336556 0 0 149336556 98
15 1 0 0 96894980 0 0 96894980 75
15 1 0 0 1938272 0 0 1938272 93
15 1 0 0 182484196 0 0 182484196 98
15 1 0 0 77250552 0 0 77250552 75
15 1 0 0 30032360 0 0 30032360 93
15 1 0 0 41281340 0 0 41281340 93
15 1 0 0 84355684 0 0 84355684 98
15 1 0 0 132869672 0 0 132869672 93
15 1 0 0 63934552 0 0 63934552 93
15 1 0 0 116450056 0 0 116450056 98
15 1 0 0 68299672 0 0 68299672 93
15 1 0 0 120783196 0 0 120783196 98
15 1 0 0 119976832 0 0 119976832 93
15 1 0 0 88917844 0 0 88917844 93
15 1 0 0 110752488 0 0 110752488 93
15 1 0 0 130020332 0 0 130020332 98
15 1 0 0 105444716 0 0 105444716 93
15 1 0 0 100204276 0 0 100204276 93
15 1 0 0 119068048 0 0 119068048 98
15 1 0 0 99423620 0 0 99423620 98
15 1 0 0 115558672 0 0 115558672 93
15 1 0 0 44612376 0 0 44612376 108
15 1 0 0 50506924 0 0 50506924 108
15 1 0 0 34360144 0 0 34360144 108
15 1 0 0 35473252 0 0 35473252 108
15 1 0 0 27982004 0 0 27982004 108
15 1 0 0 44612348 0 0 44612348 72
15 1 0 0 15206128 0 0 15206128 50
15 1 0 0 58536248 0 0 58536248 108
15 1 0 0 2767916 0 0 2767916 50
15 1 0 0 31298920 0 0 31298920 108
15 1 0 0 50506896 0 0 50506896 72
15 1 0 0 64929888 0 0 64929888 108
15 1 0 0 32092388 0 0 32092388 108
15 1 0 0 39917640 0 0 39917640 108
15 1 0 0 34360116 0 0 34360116 72
15 1 0 0 108796632 0 0 108796632 84
15 1 0 0 54107556 0 0 54107556 84
15 1 0 0 92719760 0 0 92719760 84
15 1 0 0 91201836 0 0 91201836 84
15 1 0 0 92574544 0 0 92574544 84
15 1 0 0 78008744 0 0 78008744 84
15 1 0 0 76195036 0 0 76195036 84
15 1 0 0 113336576 0 0 113336576 84
15 1 0 0 101775604 0 0 101775604 84
15 1 0 0 16457352 0 0 16457352 71
15 1 0 0 92930600 0 0 92930600 84
15 1 0 0 44628272 0 0 44628272 71
15 1 0 0 17727144 0 0 17727144 71
15 1 0 0 84573328 0 0 84573328 71
15 1 0 0 101411676 0 0 101411676 71
15 1 0 0 67517400 0 0 67517400 71
15 1 0 0 33259728 0 0 33259728 71
15 1 0 0 107560888 0 0 107560888 71
15 1 0 0 118696568 0 0 118696568 71
15 1 0 0 38553244 0 0 38553244 71
15 1 0 0 41206856 0 0 41206856 108
15 1 0 0 57986856 0 0 57986856 71
15 1 0 0 105025584 0 0 105025584 71
15 1 0 0 73434276 0 0 73434276 71
15 1 0 0 99552288 0 0 99552288 71
15 1 0 0 46453004 0 0 46453004 71
15 1 0 0 45968828 0 0 45968828 108
15 1 0 0 59660136 0 0 59660136 71
15 1 0 0 107524864 0 0 107524864 71
15 1 0 0 55334584 0 0 55334584 108
15 1 0 0 73755724 0 0 73755724 71
15 1 0 0 91480228 0 0 91480228 71
15 1 0 0 59457568 0 0 59457568 108
15 1 0 0 70801140 0 0 70801140 108
15 1 0 0 61898284 0 0 61898284 71
15 1 0 0 131936788 0 0 131936788 71
15 1 0 0 56381588 0 0 56381588 71
15 1 0 0 82533516 0 0 82533516 108
15 1 0 0 61083048 0 0 61083048 71
15 1 0 0 86042980 0 0 86042980 71
15 1 0 0 55187256 0 0 55187256 71
15 1 0 0 69811512 0 0 69811512 71
15 1 0 0 43088796 0 0 43088796 38
15 1 0 0 41385408 0 0 41385408 38
15 1 0 0 49216636 0 0 49216636 72
15 1 0 0 84273608 0 0 84273608 71
15 1 0 0 36749052 0 0 36749052 38
15 1 0 0 44059132 0 0 44059132 38
15 1 0 0 52699128 0 0 52699128 31
15 1 0 0 51244768 0 0 51244768 72
15 1 0 0 40747760 0 0 40747760 38
15 1 0 0 54727260 0 0 54727260 31
15 1 0 0 32519176 0 0 32519176 101
15 1 0 0 13639104 0 0 13639104 72
15 1 0 0 14758564 0 0 14758564 72
15 1 0 0 73726420 0 0 73726420 38
15 1 0 0 32078360 0 0 32078360 101
15 1 0 0 27657004 0 0 27657004 31
15 1 0 0 17121596 0 0 17121596 31
15 1 0 0 989228 0 0 989228 31
15 1 0 0 24420116 0 0 24420116 101
15 1 0 0 11828588 0 0 11828588 72
15 1 0 0 18241056 0 0 18241056 31
15 1 0 0 58035500 0 0 58035500 38
15 1 0 0 25102232 0 0 25102232 72
15 1 0 0 8189544 0 0 8189544 72
15 1 0 0 105274588 0 0 105274588 72
15 1 0 0 78875308 0 0 78875308 72
15 1 0 0 28341680 0 0 28341680 101
15 1 0 0 15311080 0 0 15311080 31
15 1 0 0 72002600 0 0 72002600 38
15 1 0 0 65084936 0 0 65084936 72
15 1 0 0 28584724 0 0 28584724 31
15 1 0 0 23318104 0 0 23318104 82
15 1 0 0 11672036 0 0 11672036 31
15 1 0 0 57816796 0 0 57816796 72
15 1 0 0 108757080 0 0 108757080 31
15 1 0 0 29394884 0 0 29394884 82
15 1 0 0 82357800 0 0 82357800 31
15 1 0 0 57697616 0 0 57697616 82
15 1 0 0 79504668 0 0 79504668 38
15 1 0 0 89084780 0 0 89084780 71
15 1 0 0 74422232 0 0 74422232 72
15 1 0 0 10947092 0 0 10947092 82
15 1 0 0 68567428 0 0 68567428 31
15 1 0 0 36099732 0 0 36099732 82
15 1 0 0 61299288 0 0 61299288 31
15 1 0 0 27904536 0 0 27904536 72
15 1 0 0 65917340 0 0 65917340 103
15 1 0 0 79566696 0 0 79566696 103
15 1 0 0 77904724 0 0 77904724 31
15 1 0 0 23524140 0 0 23524140 95
15 1 0 0 79188932 0 0 79188932 95
15 1 0 0 31387028 0 0 31387028 31
15 1 0 0 115377860 0 0 115377860 95
15 1 0 0 31727240 0 0 31727240 95
15 1 0 0 49577432 0 0 49577432 95
15 1 0 0 49490028 0 0 49490028 48
15 1 0 0 40969236 0 0 40969236 95
15 1 0 0 39249564 0 0 39249564 103
15 1 0 0 57976932 0 0 57976932 95
15 1 0 0 37261928 0 0 37261928 48
15 1 0 0 84581732 0 0 84581732 95
15 1 0 0 92537940 0 0 92537940 95
15 1 0 0 98363464 0 0 98363464 95
15 1 0 0 104440244 0 0 104440244 95
15 1 0 0 56501392 0 0 56501392 103
15 1 0 0 132742976 0 0 132742976 95
15 1 0 0 27278788 0 0 27278788 87
15 1 0 0 85992452 0 0 85992452 95
15 1 0 0 111145092 0 0 111145092 95
15 1 0 0 20947900 0 0 20947900 87
15 1 0 0 38794932 0 0 38794932 87
15 1 0 0 104789492 0 0 104789492 38
15 1 0 0 170802568 0 0 170802568 33
15 1 0 0 39980924 0 0 39980924 39
15 1 0 0 36512716 0 0 36512716 87
15 1 0 0 18600076 0 0 18600076 33
15 1 0 0 32775800 0 0 32775800 33
15 1 0 0 11358240 0 0 11358240 62
15 1 0 0 40161956 0 0 40161956 33
15 1 0 0 45698128 0 0 45698128 39
15 1 0 0 64933220 0 0 64933220 33
15 1 0 0 25592832 0 0 25592832 39
15 1 0 0 25610960 0 0 25610960 87
15 1 0 0 7737332 0 0 7737332 39
15 1 0 0 102509788 0 0 102509788 38
15 1 0 0 61621424 0 0 61621424 33
15 1 0 0 26768444 0 0 26768444 62
15 1 0 0 20640720 0 0 20640720 39
15 1 0 0 38309980 0 0 38309980 39
15 1 0 0 158574468 0 0 158574468 33
15 1 0 0 41061632 0 0 41061632 39
15 1 0 0 20858232 0 0 20858232 87
15 1 0 0 21351360 0 0 21351360 87
15 1 0 0 39142752 0 0 39142752 62
15 1 0 0 69893300 0 0 69893300 33
15 1 0 0 76756324 0 0 76756324 33
15 1 0 0 44994184 0 0 44994184 39
15 1 0 0 154565204 0 0 154565204 33
15 1 0 0 84530896 0 0 84530896 33
15 1 0 0 27571844 0 0 27571844 87
15 1 0 0 149946080 0 0 149946080 33
15 1 0 0 112356944 0 0 112356944 33
15 1 0 0 60244344 0 0 60244344 39
15 1 0 0 47868880 0 0 47868880 87
15 1 0 0 46979372 0 0 46979372 39
15 1 0 0 63036972 0 0 63036972 39
15 1 0 0 116872548 0 0 116872548 21
15 1 0 0 96933864 0 0 96933864 21
15 1 0 0 28859504 0 0 28859504 87
15 1 0 0 69424232 0 0 69424232 39
15 1 0 0 84259592 0 0 84259592 39
15 1 0 0 72483332 0 0 72483332 39
15 1 0 0 30402024 0 0 30402024 87
15 1 0 0 88715188 0 0 88715188 21
15 1 0 0 75428292 0 0 75428292 21
15 1 0 0 43291204 0 0 43291204 21
15 1 0 0 53350936 0 0 53350936 21
15 1 0 0 38574572 0 0 38574572 21
15 1 0 0 66076740 0 0 66076740 21
15 1 0 0 37839364 0 0 37839364 36
15 1 0 0 91732364 0 0 91732364 21
15 1 0 0 17064108 0 0 17064108 93
15 1 0 0 10476744 0 0 10476744 93
15 1 0 0 103915652 0 0 103915652 21
15 1 0 0 71808688 0 0 71808688 21
15 1 0 0 56064512 0 0 56064512 21
15 1 0 0 22592504 0 0 22592504 45
15 1 0 0 61431060 0 0 61431060 21
15 1 0 0 81300380 0 0 81300380 21
15 1 0 0 13088484 0 0 13088484 45
15 1 0 0 17590828 0 0 17590828 93
15 1 0 0 25872644 0 0 25872644 45
15 1 0 0 7247116 0 0 7247116 45
15 1 0 0 30111704 0 0 30111704 93
15 1 0 0 22302848 0 0 22302848 45
15 1 0 0 36678152 0 0 36678152 77
15 1 0 0 46810184 0 0 46810184 93
15 1 0 0 42599892 0 0 42599892 45
15 1 0 0 54248140 0 0 54248140 77
15 1 0 0 59406432 0 0 59406432 93
15 1 0 0 92148720 0 0 92148720 93
15 1 0 0 10548040 0 0 10548040 103
15 1 0 0 56591880 0 0 56591880 77
15 1 0 0 38437196 0 0 38437196 103
15 1 0 0 92333084 0 0 92333084 93
15 1 0 0 116246164 0 0 116246164 93
15 1 0 0 72193300 0 0 72193300 103
15 1 0 0 117110876 0 0 117110876 93
15 1 0 0 39840600 0 0 39840600 111
15 1 0 0 40734612 0 0 40734612 111
15 1 0 0 110850080 0 0 110850080 93
15 1 0 0 36123552 0 0 36123552 77
15 1 0 0 34648552 0 0 34648552 103
15 1 0 0 17005364 0 0 17005364 111
15 1 0 0 21357772 0 0 21357772 111
15 1 0 0 51175148 0 0 51175148 103
15 1 0 0 40336016 0 0 40336016 111
15 1 0 0 18406364 0 0 18406364 111
15 1 0 0 15528216 0 0 15528216 111
15 1 0 0 53630376 0 0 53630376 111
15 1 0 0 30755812 0 0 30755812 111
15 1 0 0 109825132 0 0 109825132 110
15 1 0 0 38344484 0 0 38344484 111
15 1 0 0 103850864 0 0 103850864 110
15 1 0 0 26620084 0 0 26620084 111
15 1 0 0 52947992 0 0 52947992 111
15 1 0 0 30521828 0 0 30521828 21
15 1 0 0 96463720 0 0 96463720 110
15 1 0 0 27660180 0 0 27660180 21
15 1 0 0 27292780 0 0 27292780 21
15 1 0 0 49321732 0 0 49321732 21
15 1 0 0 76855344 0 0 76855344 21
15 1 0 0 62946148 0 0 62946148 21
15 1 0 0 73534048 0 0 73534048 21
15 1 0 0 128529924 0 0 128529924 110
15 1 0 0 120052264 0 0 120052264 110
15 1 0 0 160032176 0 0 160032176 110
15 1 0 0 98044580 0 0 98044580 21
15 1 0 0 97895464 0 0 97895464 21
15 1 0 0 31772816 0 0 31772816 103
15 1 0 0 95617656 0 0 95617656 21
15 1 0 0 23926996 0 0 23926996 103
15 1 0 0 92449864 0 0 92449864 21
15 1 0 0 97392308 0 0 97392308 21
15 1 0 0 87642852 0 0 87642852 21
15 1 0 0 96127668 0 0 96127668 21
15 1 0 0 17062984 0 0 17062984 103
15 1 0 0 87523568 0 0 87523568 106
15 1 0 0 82594580 0 0 82594580 21
15 1 0 0 69671988 0 0 69671988 106
15 1 0 0 99218484 0 0 99218484 106
15 1 0 0 97924112 0 0 97924112 106
15 1 0 0 36179992 0 0 36179992 106
15 1 0 0 64698172 0 0 64698172 106
15 1 0 0 31810196 0 0 31810196 106
15 1 0 0 72505948 0 0 72505948 106
15 1 0 0 58028168 0 0 58028168 105
15 1 0 0 90581220 0 0 90581220 106
15 1 0 0 54447992 0 0 54447992 105
15 1 0 0 36179964 0 0 36179964 39
15 1 0 0 26271896 0 0 26271896 95
15 1 0 0 58674744 0 0 58674744 38
15 1 0 0 16985380 0 0 16985380 95
15 1 0 0 60441072 0 0 60441072 38
15 1 0 0 31810168 0 0 31810168 39
15 1 0 0 28961868 0 0 28961868 38
15 1 0 0 10010460 0 0 10010460 95
15 1 0 0 25049020 0 0 25049020 38
15 1 0 0 30521828 0 0 30521828 38
15 1 0 0 35129256 0 0 35129256 95
15 1 0 0 73577912 0 0 73577912 105
15 1 0 0 41657140 0 0 41657140 95
15 1 0 0 14550704 0 0 14550704 95
15 1 0 0 22727028 0 0 22727028 95
15 1 0 0 19245060 0 0 19245060 95
15 1 0 0 39998036 0 0 39998036 95
15 1 0 0 17430928 0 0 17430928 95
15 1 0 0 33104996 0 0 33104996 95
15 1 0 0 16628916 0 0 16628916 101
15 1 0 0 99387552 0 0 99387552 105
15 1 0 0 70557832 0 0 70557832 95
15 1 0 0 65858724 0 0 65858724 95
15 1 0 0 24595628 0 0 24595628 101
15 1 0 0 53647396 0 0 53647396 101
15 1 0 0 54005516 0 0 54005516 95
15 1 0 0 32519176 0 0 32519176 111
15 1 0 0 66042904 0 0 66042904 101
15 1 0 0 33253440 0 0 33253440 111
15 1 0 0 12277756 0 0 12277756 111
15 1 0 0 31596372 0 0 31596372 101
15 1 0 0 31278680 0 0 31278680 111
15 1 0 0 41220984 0 0 41220984 101
15 1 0 0 38865556 0 0 38865556 111
15 1 0 0 69610632 0 0 69610632 101
15 1 0 0 46999312 0 0 46999312 111
15 1 0 0 20254468 0 0 20254468 111
15 1 0 0 71325560 0 0 71325560 101
15 1 0 0 117548356 0 0 117548356 111
15 1 0 0 61551848 0 0 61551848 101
15 1 0 0 43953116 0 0 43953116 103
15 1 0 0 76128812 0 0 76128812 101
15 1 0 0 77901968 0 0 77901968 111
15 1 0 0 105806336 0 0 105806336 21
15 1 0 0 76008692 0 0 76008692 103
15 1 0 0 45457356 0 0 45457356 79
15 1 0 0 37611204 0 0 37611204 21
15 1 0 0 50603584 0 0 50603584 103
15 1 0 0 108647016 0 0 108647016 21
15 1 0 0 47284512 0 0 47284512 101
15 1 0 0 122996800 0 0 122996800 111
15 1 0 0 61228996 0 0 61228996 103
15 1 0 0 73099068 0 0 73099068 108
15 1 0 0 36784636 0 0 36784636 103
15 1 0 0 75243548 0 0 75243548 103
15 1 0 0 38410344 0 0 38410344 72
15 1 0 0 95984880 0 0 95984880 21
15 1 0 0 73099060 0 0 73099060 23
15 1 0 0 122395104 0 0 122395104 111
15 1 0 0 48660404 0 0 48660404 108
15 1 0 0 81909960 0 0 81909960 79
15 1 0 0 56078880 0 0 56078880 72
15 1 0 0 37839476 0 0 37839476 21
15 1 0 0 38485328 0 0 38485328 29
15 1 0 0 123905944 0 0 123905944 111
15 1 0 0 19711480 0 0 19711480 29
15 1 0 0 89299340 0 0 89299340 21
15 1 0 0 60174244 0 0 60174244 108
15 1 0 0 44757320 0 0 44757320 21
15 1 0 0 49888816 0 0 49888816 72
15 1 0 0 125090692 0 0 125090692 111
15 1 0 0 48660396 0 0 48660396 23
15 1 0 0 83444340 0 0 83444340 72
15 1 0 0 16343224 0 0 16343224 29
15 1 0 0 129929176 0 0 129929176 111
15 1 0 0 134136964 0 0 134136964 111
15 1 0 0 58051168 0 0 58051168 108
15 1 0 0 58830632 0 0 58830632 108
15 1 0 0 78104804 0 0 78104804 72
15 1 0 0 60174236 0 0 60174236 23
15 1 0 0 79365148 0 0 79365148 108
15 1 0 0 73432228 0 0 73432228 72
15 1 0 0 162686640 0 0 162686640 111
15 1 0 0 101413360 0 0 101413360 72
15 1 0 0 112928144 0 0 112928144 79
15 1 0 0 90156052 0 0 90156052 72
15 1 0 0 58051160 0 0 58051160 23
15 1 0 0 58830624 0 0 58830624 23
15 1 0 0 74764744 0 0 74764744 108
15 1 0 0 41532224 0 0 41532224 47
15 1 0 0 79365140 0 0 79365140 23
15 1 0 0 84843116 0 0 84843116 72
15 1 0 0 83894884 0 0 83894884 108
15 1 0 0 100631648 0 0 100631648 79
15 1 0 0 124675792 0 0 124675792 79
15 1 0 0 106325088 0 0 106325088 108
15 1 0 0 169201160 0 0 169201160 111
15 1 0 0 99465332 0 0 99465332 79
15 1 0 0 36229864 0 0 36229864 36
15 1 0 0 74764736 0 0 74764736 23
15 1 0 0 88950884 0 0 88950884 72
15 1 0 0 136782468 0 0 136782468 111
15 1 0 0 113589192 0 0 113589192 72
15 1 0 0 73922136 0 0 73922136 36
15 1 0 0 100077260 0 0 100077260 108
15 1 0 0 83894876 0 0 83894876 23
15 1 0 0 35323456 0 0 35323456 29
15 1 0 0 42636508 0 0 42636508 36
15 1 0 0 88868384 0 0 88868384 108
15 1 0 0 106325080 0 0 106325080 23
15 1 0 0 110989544 0 0 110989544 72
15 1 0 0 92061936 0 0 92061936 72
15 1 0 0 58584096 0 0 58584096 29
15 1 0 0 72918008 0 0 72918008 36
15 1 0 0 82053776 0 0 82053776 108
15 1 0 0 32911564 0 0 32911564 29
15 1 0 0 100077252 0 0 100077252 23
15 1 0 0 60122160 0 0 60122160 29
15 1 0 0 78874864 0 0 78874864 36
15 1 0 0 42618144 0 0 42618144 29
15 1 0 0 88868376 0 0 88868376 23
15 1 0 0 44243552 0 0 44243552 29
15 1 0 0 55633112 0 0 55633112 36
15 1 0 0 68384704 0 0 68384704 29
15 1 0 0 108145004 0 0 108145004 108
15 1 0 0 65448068 0 0 65448068 36
15 1 0 0 5670016 0 0 5670016 34
15 1 0 0 39894160 0 0 39894160 34
15 1 0 0 23872700 0 0 23872700 34
15 1 0 0 91734024 0 0 91734024 36
15 1 0 0 17956480 0 0 17956480 34
15 1 0 0 2468548 0 0 2468548 34
15 1 0 0 101279264 0 0 101279264 36
15 1 0 0 9878148 0 0 9878148 34
15 1 0 0 101559836 0 0 101559836 36
15 1 0 0 38466740 0 0 38466740 34
15 1 0 0 11846112 0 0 11846112 34
15 1 0 0 12538996 0 0 12538996 34
15 1 0 0 2791352 0 0 2791352 34
15 1 0 0 84443576 0 0 84443576 36
15 1 0 0 3317236 0 0 3317236 31
15 1 0 0 3364284 0 0 3364284 31
15 1 0 0 6757864 0 0 6757864 31
15 1 0 0 5516392 0 0 5516392 31
15 1 0 0 17053248 0 0 17053248 31
15 1 0 0 169077184 0 0 169077184 74
15 1 0 0 95772504 0 0 95772504 33
15 1 0 0 10952340 0 0 10952340 31
15 1 0 0 36201140 0 0 36201140 31
15 1 0 0 4309020 0 0 4309020 31
15 1 0 0 33026344 0 0 33026344 31
15 1 0 0 56713800 0 0 56713800 31
15 1 0 0 38523592 0 0 38523592 31
15 1 0 0 62925252 0 0 62925252 31
15 1 0 0 63232828 0 0 63232828 31
15 1 0 0 39762240 0 0 39762240 76
15 1 0 0 70364952 0 0 70364952 76
15 1 0 0 79686784 0 0 79686784 21
15 1 0 0 71139012 0 0 71139012 76
15 1 0 0 53465716 0 0 53465716 21
15 1 0 0 54649004 0 0 54649004 21
15 1 0 0 83709120 0 0 83709120 63
15 1 0 0 64269792 0 0 64269792 21
15 1 0 0 66451592 0 0 66451592 63
15 1 0 0 82819520 0 0 82819520 76
15 1 0 0 36016084 0 0 36016084 21
15 1 0 0 78815836 0 0 78815836 63
15 1 0 0 34101792 0 0 34101792 21
15 1 0 0 62343884 0 0 62343884 63
15 1 0 0 53927984 0 0 53927984 63
15 1 0 0 36241208 0 0 36241208 21
15 1 0 0 89335128 0 0 89335128 76
15 1 0 0 99151620 0 0 99151620 63
15 1 0 0 10382508 0 0 10382508 21
15 1 0 0 66852680 0 0 66852680 63
15 1 0 0 23857728 0 0 23857728 21
15 1 0 0 83741692 0 0 83741692 76
15 1 0 0 99779356 0 0 99779356 76
15 1 0 0 85780372 0 0 85780372 63
15 1 0 0 64333748 0 0 64333748 63
15 1 0 0 100383176 0 0 100383176 76
15 1 0 0 79454004 0 0 79454004 76
15 1 0 0 72729436 0 0 72729436 63
15 1 0 0 62092384 0 0 62092384 63
15 1 0 0 51777628 0 0 51777628 63
15 1 0 0 110868204 0 0 110868204 76
15 1 0 0 53659092 0 0 53659092 63
15 1 0 0 54440316 0 0 54440316 63
15 1 0 0 65219720 0 0 65219720 62
15 1 0 0 95783996 0 0 95783996 76
15 1 0 0 12903768 0 0 12903768 63
15 1 0 0 29854528 0 0 29854528 63
15 1 0 0 33292724 0 0 33292724 63
15 1 0 0 95822432 0 0 95822432 62
15 1 0 0 6822264 0 0 6822264 63
15 1 0 0 28424696 0 0 28424696 63
15 1 0 0 21998480 0 0 21998480 63
15 1 0 0 27986648 0 0 27986648 86
15 1 0 0 96596492 0 0 96596492 62
15 1 0 0 40367212 0 0 40367212 86
15 1 0 0 81480408 0 0 81480408 76
15 1 0 0 84342008 0 0 84342008 76
15 1 0 0 31803048 0 0 31803048 86
15 1 0 0 9870276 0 0 9870276 86
15 1 0 0 27986628 0 0 27986628 38
15 1 0 0 27847492 0 0 27847492 86
15 1 0 0 40367192 0 0 40367192 38
15 1 0 0 108277000 0 0 108277000 62
15 1 0 0 31803028 0 0 31803028 38
15 1 0 0 9870256 0 0 9870256 38
15 1 0 0 27847472 0 0 27847472 38
15 1 0 0 29760816 0 0 29760816 86
15 1 0 0 97034140 0 0 97034140 111
15 1 0 0 7986436 0 0 7986436 38
15 1 0 0 29337304 0 0 29337304 38
15 1 0 0 114792608 0 0 114792608 62
15 1 0 0 14798592 0 0 14798592 86
15 1 0 0 93545244 0 0 93545244 76
15 1 0 0 5859896 0 0 5859896 38
15 1 0 0 4985744 0 0 4985744 86
15 1 0 0 41717868 0 0 41717868 38
15 1 0 0 33153704 0 0 33153704 38
15 1 0 0 11220932 0 0 11220932 38
15 1 0 0 109199172 0 0 109199172 62
15 1 0 0 125236836 0 0 125236836 62
15 1 0 0 7010196 0 0 7010196 86
15 1 0 0 7349416 0 0 7349416 38
15 1 0 0 41842268 0 0 41842268 86
15 1 0 0 11211000 0 0 11211000 38
15 1 0 0 29198148 0 0 29198148 38
15 1 0 0 23318104 0 0 23318104 38
15 1 0 0 88892644 0 0 88892644 76
15 1 0 0 125840656 0 0 125840656 62
15 1 0 0 78887024 0 0 78887024 76
15 1 0 0 104911484 0 0 104911484 62
15 1 0 0 31195196 0 0 31195196 86
15 1 0 0 29760796 0 0 29760796 62
15 1 0 0 89791224 0 0 89791224 53
15 1 0 0 9337112 0 0 9337112 38
15 1 0 0 3419956 0 0 3419956 86
15 1 0 0 37853224 0 0 37853224 86
15 1 0 0 127250004 0 0 127250004 111
15 1 0 0 98186912 0 0 98186912 53
15 1 0 0 136325684 0 0 136325684 62
15 1 0 0 7210572 0 0 7210572 38
15 1 0 0 7010216 0 0 7010216 86
15 1 0 0 27847492 0 0 27847492 86
15 1 0 0 87549860 0 0 87549860 53
15 1 0 0 14798572 0 0 14798572 62
15 1 0 0 1453136 0 0 1453136 86
15 1 0 0 4985724 0 0 4985724 62
15 1 0 0 77235104 0 0 77235104 53
15 1 0 0 121241476 0 0 121241476 62
15 1 0 0 79116568 0 0 79116568 53
15 1 0 0 26661868 0 0 26661868 38
15 1 0 0 79897792 0 0 79897792 53
15 1 0 0 7919500 0 0 7919500 38
15 1 0 0 7010176 0 0 7010176 62
15 1 0 0 3868696 0 0 3868696 38
15 1 0 0 8700092 0 0 8700092 38
15 1 0 0 30032360 0 0 30032360 38
15 1 0 0 22876848 0 0 22876848 38
15 1 0 0 41842248 0 0 41842248 62
15 1 0 0 38361244 0 0 38361244 53
15 1 0 0 12561676 0 0 12561676 38
15 1 0 0 55312004 0 0 55312004 53
15 1 0 0 58750200 0 0 58750200 53
15 1 0 0 7986436 0 0 7986436 62
15 1 0 0 27414324 0 0 27414324 62
15 1 0 0 24668780 0 0 24668780 38
15 1 0 0 7010216 0 0 7010216 62
15 1 0 0 25097976 0 0 25097976 62
15 1 0 0 32279740 0 0 32279740 53
15 1 0 0 53882172 0 0 53882172 53
15 1 0 0 47455956 0 0 47455956 53
15 1 0 0 31195176 0 0 31195176 62
15 1 0 0 28426588 0 0 28426588 77
15 1 0 0 3419936 0 0 3419936 62
15 1 0 0 106937888 0 0 106937888 62
15 1 0 0 42488324 0 0 42488324 77
15 1 0 0 37853204 0 0 37853204 62
15 1 0 0 109799488 0 0 109799488 62
15 1 0 0 7010196 0 0 7010196 62
15 1 0 0 27847472 0 0 27847472 62
15 1 0 0 43725980 0 0 43725980 38
15 1 0 0 75098612 0 0 75098612 96
15 1 0 0 1453116 0 0 1453116 62
15 1 0 0 107114412 0 0 107114412 96
15 1 0 0 63667440 0 0 63667440 38
15 1 0 0 119002724 0 0 119002724 62
15 1 0 0 65094940 0 0 65094940 37
15 1 0 0 80458532 0 0 80458532 38
15 1 0 0 75803848 0 0 75803848 96
15 1 0 0 62967556 0 0 62967556 96
15 1 0 0 64339176 0 0 64339176 96
15 1 0 0 31239128 0 0 31239128 37
15 1 0 0 52650100 0 0 52650100 96
15 1 0 0 50667016 0 0 50667016 37
15 1 0 0 86335832 0 0 86335832 96
15 1 0 0 40915900 0 0 40915900 96
15 1 0 0 30262908 0 0 30262908 37
15 1 0 0 79407872 0 0 79407872 96
15 1 0 0 48350668 0 0 48350668 37
15 1 0 0 36917692 0 0 36917692 96
15 1 0 0 62863668 0 0 62863668 96
15 1 0 0 67230292 0 0 67230292 38
15 1 0 0 45076656 0 0 45076656 38
15 1 0 0 26672628 0 0 26672628 37
15 1 0 0 109041060 0 0 109041060 33
15 1 0 0 107938620 0 0 107938620 33
15 1 0 0 52550148 0 0 52550148 38
15 1 0 0 61105896 0 0 61105896 37
15 1 0 0 37654460 0 0 37654460 38
15 1 0 0 73143084 0 0 73143084 86
15 1 0 0 30262888 0 0 30262888 37
15 1 0 0 107495856 0 0 107495856 33
15 1 0 0 41206856 0 0 41206856 26
15 1 0 0 51100164 0 0 51100164 37
15 1 0 0 43206772 0 0 43206772 38
15 1 0 0 41325828 0 0 41325828 26
15 1 0 0 111709176 0 0 111709176 33
15 1 0 0 31386228 0 0 31386228 98
15 1 0 0 24705808 0 0 24705808 37
15 1 0 0 64714628 0 0 64714628 38
15 1 0 0 51450656 0 0 51450656 38
15 1 0 0 100657424 0 0 100657424 86
15 1 0 0 84656088 0 0 84656088 38
15 1 0 0 77261924 0 0 77261924 33
15 1 0 0 79216584 0 0 79216584 33
15 1 0 0 34360060 0 0 34360060 98
15 1 0 0 50468348 0 0 50468348 33
15 1 0 0 82210468 0 0 82210468 33
15 1 0 0 38075440 0 0 38075440 98
15 1 0 0 50610652 0 0 50610652 33
15 1 0 0 63501648 0 0 63501648 33
15 1 0 0 91115092 0 0 91115092 33
15 1 0 0 38416932 0 0 38416932 98
15 1 0 0 88218940 0 0 88218940 38
15 1 0 0 73538796 0 0 73538796 38
15 1 0 0 74093248 0 0 74093248 36
15 1 0 0 121470540 0 0 121470540 103
15 1 0 0 60823964 0 0 60823964 98
15 1 0 0 90759876 0 0 90759876 36
15 1 0 0 58025668 0 0 58025668 98
15 1 0 0 73320760 0 0 73320760 36
15 1 0 0 118053084 0 0 118053084 103
15 1 0 0 95529524 0 0 95529524 36
15 1 0 0 55717692 0 0 55717692 98
15 1 0 0 39517688 0 0 39517688 103
15 1 0 0 111913580 0 0 111913580 36
15 1 0 0 96908224 0 0 96908224 103
15 1 0 0 85425368 0 0 85425368 103
15 1 0 0 35769260 0 0 35769260 98
15 1 0 0 87322284 0 0 87322284 103
15 1 0 0 100609012 0 0 100609012 103
15 1 0 0 99788972 0 0 99788972 103
15 1 0 0 57182196 0 0 57182196 98
15 1 0 0 73525252 0 0 73525252 103
15 1 0 0 47791788 0 0 47791788 103
15 1 0 0 41421432 0 0 41421432 103
15 1 0 0 135935740 0 0 135935740 103
15 1 0 0 40705128 0 0 40705128 98
15 1 0 0 119513556 0 0 119513556 103
15 1 0 0 44306120 0 0 44306120 98
15 1 0 0 129662824 0 0 129662824 36
15 1 0 0 101333316 0 0 101333316 103
15 1 0 0 152240448 0 0 152240448 103
15 1 0 0 30509448 0 0 30509448 98
15 1 0 0 117928624 0 0 117928624 36
15 1 0 0 152359420 0 0 152359420 103
15 1 0 0 41878388 0 0 41878388 98
15 1 0 0 64766280 0 0 64766280 98
15 1 0 0 156420596 0 0 156420596 36
15 1 0 0 113930416 0 0 113930416 36
15 1 0 0 19794140 0 0 19794140 36
15 1 0 0 12875724 0 0 12875724 36
15 1 0 0 19015232 0 0 19015232 36
15 1 0 0 3036548 0 0 3036548 60
15 1 0 0 120456008 0 0 120456008 21
15 1 0 0 102243436 0 0 102243436 21
15 1 0 0 82107412 0 0 82107412 21
15 1 0 0 34648068 0 0 34648068 60
15 1 0 0 62829588 0 0 62829588 60
15 1 0 0 104787772 0 0 104787772 21
15 1 0 0 81887908 0 0 81887908 60
15 1 0 0 80937636 0 0 80937636 60
15 1 0 0 78509888 0 0 78509888 21
15 1 0 0 70974424 0 0 70974424 60
15 1 0 0 65157540 0 0 65157540 60
15 1 0 0 141364292 0 0 141364292 21
15 1 0 0 85876268 0 0 85876268 60
15 1 0 0 97936904 0 0 97936904 60
15 1 0 0 115955672 0 0 115955672 21
15 1 0 0 121737452 0 0 121737452 21
15 1 0 0 2296452 0 0 2296452 86
15 1 0 0 121579936 0 0 121579936 60
15 1 0 0 44012320 0 0 44012320 86
15 1 0 0 96165080 0 0 96165080 60
15 1 0 0 39651436 0 0 39651436 86
15 1 0 0 57832336 0 0 57832336 86
15 1 0 0 119174204 0 0 119174204 60
15 1 0 0 82873868 0 0 82873868 86
15 1 0 0 135151444 0 0 135151444 60
15 1 0 0 51475076 0 0 51475076 62
15 1 0 0 80361352 0 0 80361352 62
15 1 0 0 71042268 0 0 71042268 62
15 1 0 0 63701956 0 0 63701956 62
15 1 0 0 52530880 0 0 52530880 26
15 1 0 0 28705748 0 0 28705748 26
15 1 0 0 57294404 0 0 57294404 26
15 1 0 0 62464088 0 0 62464088 26
15 1 0 0 42778576 0 0 42778576 33
15 1 0 0 83458172 0 0 83458172 26
15 1 0 0 69536764 0 0 69536764 26
15 1 0 0 59781116 0 0 59781116 33
15 1 0 0 61319196 0 0 61319196 26
15 1 0 0 38152652 0 0 38152652 26
15 1 0 0 38260348 0 0 38260348 33
15 1 0 0 79675116 0 0 79675116 33
15 1 0 0 77453380 0 0 77453380 26
15 1 0 0 61413792 0 0 61413792 26
15 1 0 0 54552504 0 0 54552504 26
15 1 0 0 47641964 0 0 47641964 33
15 1 0 0 54111596 0 0 54111596 26
15 1 0 0 42719884 0 0 42719884 33
15 1 0 0 99103900 0 0 99103900 36
15 1 0 0 68469460 0 0 68469460 33
15 1 0 0 55049328 0 0 55049328 33
15 1 0 0 60646856 0 0 60646856 36
15 1 0 0 37732760 0 0 37732760 36
15 1 0 0 178103732 0 0 178103732 69
15 1 0 0 43295076 0 0 43295076 36
15 1 0 0 43935580 0 0 43935580 36
15 1 0 0 83727692 0 0 83727692 36
15 1 0 0 139646688 0 0 139646688 69
15 1 0 0 9619788 0 0 9619788 36
15 1 0 0 60286664 0 0 60286664 36
15 1 0 0 116732592 0 0 116732592 69
15 1 0 0 38414948 0 0 38414948 36
15 1 0 0 99431144 0 0 99431144 36
15 1 0 0 40404904 0 0 40404904 69
15 1 0 0 10548040 0 0 10548040 69
15 1 0 0 122294908 0 0 122294908 69
15 1 0 0 65673436 0 0 65673436 69
15 1 0 0 122935412 0 0 122935412 69
15 1 0 0 162727524 0 0 162727524 69
15 1 0 0 88619620 0 0 88619620 69
15 1 0 0 93110140 0 0 93110140 93
15 1 0 0 90043912 0 0 90043912 93
15 1 0 0 121184568 0 0 121184568 69
15 1 0 0 56055440 0 0 56055440 93
15 1 0 0 77800388 0 0 77800388 93
15 1 0 0 82021444 0 0 82021444 93
15 1 0 0 112700844 0 0 112700844 21
15 1 0 0 97432796 0 0 97432796 69
15 1 0 0 46967280 0 0 46967280 93
15 1 0 0 27089088 0 0 27089088 93
15 1 0 0 82652728 0 0 82652728 69
15 1 0 0 1483072 0 0 1483072 93
15 1 0 0 139286496 0 0 139286496 69
15 1 0 0 109997652 0 0 109997652 93
15 1 0 0 13313524 0 0 13313524 93
15 1 0 0 58551708 0 0 58551708 93
15 1 0 0 117414780 0 0 117414780 69
15 1 0 0 22857560 0 0 22857560 93
15 1 0 0 107257228 0 0 107257228 21
15 1 0 0 178430976 0 0 178430976 69
15 1 0 0 81395076 0 0 81395076 21
15 1 0 0 95463440 0 0 95463440 21
15 1 0 0 92046128 0 0 92046128 21
15 1 0 0 6368196 0 0 6368196 71
15 1 0 0 10912556 0 0 10912556 71
15 1 0 0 14421012 0 0 14421012 71
15 1 0 0 31812828 0 0 31812828 71
15 1 0 0 23741240 0 0 23741240 71
15 1 0 0 107229368 0 0 107229368 24
15 1 0 0 1721904 0 0 1721904 98
15 1 0 0 27547820 0 0 27547820 98
15 1 0 0 57199128 0 0 57199128 98
15 1 0 0 38774520 0 0 38774520 47
15 1 0 0 92790880 0 0 92790880 98
15 1 0 0 51323512 0 0 51323512 47
15 1 0 0 75667644 0 0 75667644 98
15 1 0 0 70150312 0 0 70150312 47
15 1 0 0 63622664 0 0 63622664 47
15 1 0 0 94218968 0 0 94218968 98
15 1 0 0 106767960 0 0 106767960 98
15 1 0 0 125594760 0 0 125594760 98
15 1 0 0 119067112 0 0 119067112 98
15 1 0 0 20197884 0 0 20197884 101
15 1 0 0 29289856 0 0 29289856 101
15 1 0 0 6995500 0 0 6995500 101
15 1 0 0 10548040 0 0 10548040 60
15 1 0 0 78567136 0 0 78567136 60
15 1 0 0 99544788 0 0 99544788 60
15 1 0 0 40528548 0 0 40528548 60
15 1 0 0 72229308 0 0 72229308 60
15 1 0 0 26149904 0 0 26149904 101
15 1 0 0 73295052 0 0 73295052 60
15 1 0 0 55966880 0 0 55966880 101
15 1 0 0 33924472 0 0 33924472 101
15 1 0 0 30032360 0 0 30032360 31
15 1 0 0 81927340 0 0 81927340 39
15 1 0 0 92299084 0 0 92299084 69
15 1 0 0 70399616 0 0 70399616 69
15 1 0 0 91019312 0 0 91019312 39
15 1 0 0 5486500 0 0 5486500 60
15 1 0 0 53524280 0 0 53524280 69
15 1 0 0 18414024 0 0 18414024 69
15 1 0 0 37812468 0 0 37812468 31
15 1 0 0 21393164 0 0 21393164 23
15 1 0 0 20135116 0 0 20135116 60
15 1 0 0 1178036 0 0 1178036 69
15 1 0 0 1313704 0 0 1313704 69
15 1 0 0 24447320 0 0 24447320 101
15 1 0 0 68724956 0 0 68724956 39
15 1 0 0 35581160 0 0 35581160 23
15 1 0 0 31788236 0 0 31788236 60
15 1 0 0 35017464 0 0 35017464 69
15 1 0 0 36692648 0 0 36692648 101
15 1 0 0 9147796 0 0 9147796 31
15 1 0 0 118691012 0 0 118691012 69
15 1 0 0 96258556 0 0 96258556 69
15 1 0 0 105831564 0 0 105831564 31
15 1 0 0 57271224 0 0 57271224 69
15 1 0 0 79151080 0 0 79151080 69
15 1 0 0 70749320 0 0 70749320 69
15 1 0 0 136849860 0 0 136849860 69
15 1 0 0 103145372 0 0 103145372 69
15 1 0 0 126809216 0 0 126809216 31
15 1 0 0 58577864 0 0 58577864 101
15 1 0 0 116319064 0 0 116319064 69
15 1 0 0 67792976 0 0 67792976 31
15 1 0 0 51094028 0 0 51094028 101
15 1 0 0 22149776 0 0 22149776 101
15 1 0 0 33183476 0 0 33183476 31
15 1 0 0 53384084 0 0 53384084 101
15 1 0 0 46941976 0 0 46941976 101
15 1 0 0 96038180 0 0 96038180 71
15 1 0 0 29893000 0 0 29893000 31
15 1 0 0 65101424 0 0 65101424 31
15 1 0 0 72132652 0 0 72132652 71
15 1 0 0 129167416 0 0 129167416 71
15 1 0 0 99493736 0 0 99493736 31
15 1 0 0 28271752 0 0 28271752 101
15 1 0 0 100559480 0 0 100559480 31
15 1 0 0 114659080 0 0 114659080 71
15 1 0 0 27839204 0 0 27839204 101
15 1 0 0 92642232 0 0 92642232 71
15 1 0 0 17863160 0 0 17863160 79
15 1 0 0 104413616 0 0 104413616 71
15 1 0 0 2679496 0 0 2679496 79
15 1 0 0 5486500 0 0 5486500 23
15 1 0 0 4813536 0 0 4813536 58
15 1 0 0 19703088 0 0 19703088 23
15 1 0 0 19128976 0 0 19128976 23
15 1 0 0 0 0 0 0 58
15 1 0 0 25439704 0 0 25439704 58
15 1 0 0 43339784 0 0 43339784 23
15 1 0 0 3732820 0 0 3732820 58
15 1 0 0 23540472 0 0 23540472 46
15 1 0 0 32136220 0 0 32136220 58
15 1 0 0 24845400 0 0 24845400 23
15 1 0 0 41510960 0 0 41510960 58
15 1 0 0 15105416 0 0 15105416 46
15 1 0 0 57053968 0 0 57053968 58
15 1 0 0 49152624 0 0 49152624 58
15 1 0 0 33720328 0 0 33720328 58
15 1 0 0 26327296 0 0 26327296 58
15 1 0 0 50015964 0 0 50015964 46
15 1 0 0 62551280 0 0 62551280 23
15 1 0 0 58842728 0 0 58842728 23
15 1 0 0 155576576 0 0 155576576 101
15 1 0 0 42090708 0 0 42090708 23
15 1 0 0 178333176 0 0 178333176 101
15 1 0 0 32315424 0 0 32315424 23
15 1 0 0 58252524 0 0 58252524 23
15 1 0 0 61704736 0 0 61704736 23
15 1 0 0 164653648 0 0 164653648 101
15 1 0 0 53721156 0 0 53721156 23
15 1 0 0 160172568 0 0 160172568 101
15 1 0 0 79580012 0 0 79580012 23
15 1 0 0 40997732 0 0 40997732 29
15 1 0 0 101970724 0 0 101970724 23
15 1 0 0 173072784 0 0 173072784 101
15 1 0 0 173741116 0 0 173741116 101
15 1 0 0 65686680 0 0 65686680 29
15 1 0 0 51042512 0 0 51042512 23
15 1 0 0 107088356 0 0 107088356 23
15 1 0 0 72659992 0 0 72659992 29
15 1 0 0 41318044 0 0 41318044 23
15 1 0 0 89939820 0 0 89939820 29
15 1 0 0 72321064 0 0 72321064 29
15 1 0 0 98045184 0 0 98045184 23
15 1 0 0 50971112 0 0 50971112 23
15 1 0 0 91588360 0 0 91588360 29
15 1 0 0 69772424 0 0 69772424 29
15 1 0 0 62595100 0 0 62595100 29
15 1 0 0 67379252 0 0 67379252 63
15 1 0 0 44026712 0 0 44026712 63
15 1 0 0 49300040 0 0 49300040 63
15 1 0 0 64889276 0 0 64889276 63
15 1 0 0 39065156 0 0 39065156 71
15 1 0 0 9359128 0 0 9359128 71
15 1 0 0 0 0 0 0 71
15 1 0 0 13612368 0 0 13612368 71
15 1 0 0 2679496 0 0 2679496 71
15 1 0 0 51704680 0 0 51704680 63
15 1 0 0 83080880 0 0 83080880 29
15 1 0 0 81474304 0 0 81474304 29
15 1 0 0 103317480 0 0 103317480 29
15 1 0 0 117410684 0 0 117410684 29
15 1 0 0 17064108 0 0 17064108 87
15 1 0 0 96712516 0 0 96712516 29
15 1 0 0 92927376 0 0 92927376 29
15 1 0 0 124228444 0 0 124228444 29
15 1 0 0 113959792 0 0 113959792 29
15 1 0 0 119389128 0 0 119389128 38
15 1 0 0 112801132 0 0 112801132 38
15 1 0 0 114018504 0 0 114018504 29
15 1 0 0 134647920 0 0 134647920 29
15 1 0 0 143046108 0 0 143046108 29
15 1 0 0 139619548 0 0 139619548 29
15 1 0 0 639976 0 0 639976 74
15 1 0 0 17262364 0 0 17262364 74
15 1 0 0 22682224 0 0 22682224 74
15 1 0 0 34061520 0 0 34061520 74
15 1 0 0 13070268 0 0 13070268 74
15 1 0 0 10901624 0 0 10901624 74
15 1 0 0 37999124 0 0 37999124 95
15 1 0 0 26382420 0 0 26382420 95
15 1 0 0 13401900 0 0 13401900 95
15 1 0 0 25882100 0 0 25882100 86
15 1 0 0 39427624 0 0 39427624 95
15 1 0 0 33301604 0 0 33301604 74
15 1 0 0 3616736 0 0 3616736 86
15 1 0 0 20116816 0 0 20116816 86
15 1 0 0 35989788 0 0 35989788 86
15 1 0 0 29758408 0 0 29758408 95
15 1 0 0 15143088 0 0 15143088 95
15 1 0 0 26225708 0 0 26225708 86
15 1 0 0 1775392 0 0 1775392 86
15 1 0 0 6498552 0 0 6498552 86
15 1 0 0 43621984 0 0 43621984 86
15 1 0 0 21346632 0 0 21346632 95
15 1 0 0 39703712 0 0 39703712 38
15 1 0 0 36772004 0 0 36772004 79
15 1 0 0 36120336 0 0 36120336 79
15 1 0 0 29960116 0 0 29960116 38
15 1 0 0 27526780 0 0 27526780 79
15 1 0 0 51598852 0 0 51598852 95
15 1 0 0 31383672 0 0 31383672 38
15 1 0 0 38454248 0 0 38454248 79
15 1 0 0 29441856 0 0 29441856 79
15 1 0 0 50199092 0 0 50199092 38
15 1 0 0 43935572 0 0 43935572 38
15 1 0 0 27847492 0 0 27847492 38
15 1 0 0 50277660 0 0 50277660 79
15 1 0 0 38122692 0 0 38122692 110
15 1 0 0 33669796 0 0 33669796 38
15 1 0 0 60539008 0 0 60539008 79
15 1 0 0 37471024 0 0 37471024 110
15 1 0 0 51355972 0 0 51355972 79
15 1 0 0 16131756 0 0 16131756 38
15 1 0 0 46331716 0 0 46331716 38
15 1 0 0 38122684 0 0 38122684 24
15 1 0 0 27847492 0 0 27847492 23
15 1 0 0 58999268 0 0 58999268 38
15 1 0 0 49040332 0 0 49040332 79
15 1 0 0 566684 0 0 566684 38
15 1 0 0 28877468 0 0 28877468 110
15 1 0 0 47491924 0 0 47491924 79
15 1 0 0 37471016 0 0 37471016 24
15 1 0 0 70676540 0 0 70676540 79
15 1 0 0 39804936 0 0 39804936 110
15 1 0 0 17712600 0 0 17712600 38
15 1 0 0 57194724 0 0 57194724 79
15 1 0 0 26002476 0 0 26002476 38
15 1 0 0 30792544 0 0 30792544 110
15 1 0 0 68627036 0 0 68627036 24
15 1 0 0 86837640 0 0 86837640 24
15 1 0 0 68283400 0 0 68283400 79
15 1 0 0 24461336 0 0 24461336 38
15 1 0 0 38883704 0 0 38883704 24
15 1 0 0 27847492 0 0 27847492 38
15 1 0 0 65147136 0 0 65147136 38
15 1 0 0 65231060 0 0 65231060 24
15 1 0 0 28877460 0 0 28877460 24
15 1 0 0 51628348 0 0 51628348 110
15 1 0 0 25134796 0 0 25134796 38
15 1 0 0 31718460 0 0 31718460 38
15 1 0 0 7010216 0 0 7010216 23
15 1 0 0 39804928 0 0 39804928 24
15 1 0 0 54196404 0 0 54196404 24
15 1 0 0 80939448 0 0 80939448 24
15 1 0 0 31079800 0 0 31079800 38
15 1 0 0 27847492 0 0 27847492 38
15 1 0 0 30792536 0 0 30792536 24
15 1 0 0 38232036 0 0 38232036 24
15 1 0 0 14432412 0 0 14432412 23
15 1 0 0 61889696 0 0 61889696 110
15 1 0 0 57154252 0 0 57154252 38
15 1 0 0 67684744 0 0 67684744 24
15 1 0 0 7010216 0 0 7010216 38
15 1 0 0 22876848 0 0 22876848 38
15 1 0 0 24282292 0 0 24282292 95
15 1 0 0 32660644 0 0 32660644 38
15 1 0 0 52706660 0 0 52706660 110
15 1 0 0 73207604 0 0 73207604 81
15 1 0 0 566684 0 0 566684 38
15 1 0 0 51628340 0 0 51628340 24
15 1 0 0 14432412 0 0 14432412 38
15 1 0 0 45179440 0 0 45179440 95
15 1 0 0 18170288 0 0 18170288 38
15 1 0 0 40920528 0 0 40920528 86
15 1 0 0 28711196 0 0 28711196 23
15 1 0 0 26002476 0 0 26002476 38
15 1 0 0 41427312 0 0 41427312 95
15 1 0 0 63464008 0 0 63464008 81
15 1 0 0 3868696 0 0 3868696 38
15 1 0 0 58696944 0 0 58696944 86
15 1 0 0 40082840 0 0 40082840 38
15 1 0 0 50391020 0 0 50391020 110
15 1 0 0 21906480 0 0 21906480 38
15 1 0 0 61889688 0 0 61889688 24
15 1 0 0 17799080 0 0 17799080 38
15 1 0 0 11938932 0 0 11938932 23
15 1 0 0 72027228 0 0 72027228 110
15 1 0 0 38112608 0 0 38112608 95
15 1 0 0 31553556 0 0 31553556 24
15 1 0 0 22970976 0 0 22970976 86
15 1 0 0 58545412 0 0 58545412 110
15 1 0 0 54028624 0 0 54028624 38
15 1 0 0 52706652 0 0 52706652 24
15 1 0 0 20029228 0 0 20029228 95
15 1 0 0 20781604 0 0 20781604 95
15 1 0 0 40460968 0 0 40460968 38
15 1 0 0 39900552 0 0 39900552 38
15 1 0 0 93013528 0 0 93013528 26
15 1 0 0 22876848 0 0 22876848 23
15 1 0 0 77439464 0 0 77439464 81
15 1 0 0 52389360 0 0 52389360 24
15 1 0 0 32475168 0 0 32475168 96
15 1 0 0 50031872 0 0 50031872 38
15 1 0 0 34089900 0 0 34089900 96
15 1 0 0 33118332 0 0 33118332 38
15 1 0 0 43632276 0 0 43632276 23
15 1 0 0 35020472 0 0 35020472 38
15 1 0 0 20474904 0 0 20474904 96
15 1 0 0 7467904 0 0 7467904 38
15 1 0 0 62650708 0 0 62650708 24
15 1 0 0 72027220 0 0 72027220 24
15 1 0 0 29198168 0 0 29198168 38
15 1 0 0 1632352 0 0 1632352 96
15 1 0 0 20273124 0 0 20273124 96
15 1 0 0 25437624 0 0 25437624 23
15 1 0 0 7096696 0 0 7096696 38
15 1 0 0 32747124 0 0 32747124 38
15 1 0 0 100539444 0 0 100539444 26
15 1 0 0 58476308 0 0 58476308 38
15 1 0 0 22876848 0 0 22876848 38
15 1 0 0 79231736 0 0 79231736 38
15 1 0 0 67173688 0 0 67173688 81
15 1 0 0 15363740 0 0 15363740 23
15 1 0 0 61037084 0 0 61037084 38
15 1 0 0 87798516 0 0 87798516 26
15 1 0 0 15141176 0 0 15141176 38
15 1 0 0 19063276 0 0 19063276 38
15 1 0 0 54848596 0 0 54848596 38
15 1 0 0 112875536 0 0 112875536 26
15 1 0 0 180628268 0 0 180628268 82
15 1 0 0 8360892 0 0 8360892 38
15 1 0 0 26117520 0 0 26117520 23
15 1 0 0 155067868 0 0 155067868 82
15 1 0 0 107409716 0 0 107409716 26
15 1 0 0 26485472 0 0 26485472 38
15 1 0 0 158100228 0 0 158100228 82
15 1 0 0 92503160 0 0 92503160 81
15 1 0 0 123139344 0 0 123139344 26
15 1 0 0 15783088 0 0 15783088 38
15 1 0 0 108672792 0 0 108672792 26
15 1 0 0 134027128 0 0 134027128 82
15 1 0 0 30061872 0 0 30061872 38
15 1 0 0 13289608 0 0 13289608 38
15 1 0 0 29095240 0 0 29095240 63
15 1 0 0 135863004 0 0 135863004 82
15 1 0 0 113808112 0 0 113808112 26
15 1 0 0 134363280 0 0 134363280 82
15 1 0 0 33891872 0 0 33891872 63
15 1 0 0 32686388 0 0 32686388 63
15 1 0 0 27799452 0 0 27799452 63
15 1 0 0 60349944 0 0 60349944 38
15 1 0 0 8818580 0 0 8818580 38
15 1 0 0 83305136 0 0 83305136 82
15 1 0 0 34929908 0 0 34929908 38
15 1 0 0 8447372 0 0 8447372 38
15 1 0 0 69258328 0 0 69258328 63
15 1 0 0 103676552 0 0 103676552 82
15 1 0 0 98156304 0 0 98156304 82
15 1 0 0 55685336 0 0 55685336 38
15 1 0 0 134509728 0 0 134509728 82
15 1 0 0 51127756 0 0 51127756 63
15 1 0 0 73755868 0 0 73755868 29
15 1 0 0 37490684 0 0 37490684 38
15 1 0 0 81828744 0 0 81828744 29
15 1 0 0 109754632 0 0 109754632 82
15 1 0 0 80380232 0 0 80380232 29
15 1 0 0 106554636 0 0 106554636 82
15 1 0 0 39512668 0 0 39512668 38
15 1 0 0 44394208 0 0 44394208 63
15 1 0 0 28210496 0 0 28210496 63
15 1 0 0 84545500 0 0 84545500 29
15 1 0 0 36057964 0 0 36057964 26
15 1 0 0 60050332 0 0 60050332 63
15 1 0 0 46934864 0 0 46934864 38
15 1 0 0 31412548 0 0 31412548 38
15 1 0 0 40316032 0 0 40316032 26
15 1 0 0 14640284 0 0 14640284 38
15 1 0 0 68881340 0 0 68881340 63
15 1 0 0 47073536 0 0 47073536 93
15 1 0 0 63241080 0 0 63241080 26
15 1 0 0 39970356 0 0 39970356 38
15 1 0 0 41901632 0 0 41901632 93
15 1 0 0 6964044 0 0 6964044 93
15 1 0 0 74686444 0 0 74686444 93
15 1 0 0 72262012 0 0 72262012 26
15 1 0 0 39599148 0 0 39599148 38
15 1 0 0 30777464 0 0 30777464 93
15 1 0 0 61549740 0 0 61549740 26
15 1 0 0 31860292 0 0 31860292 93
15 1 0 0 92026620 0 0 92026620 29
15 1 0 0 43722844 0 0 43722844 63
15 1 0 0 52053336 0 0 52053336 63
15 1 0 0 71236216 0 0 71236216 26
15 1 0 0 39738976 0 0 39738976 93
15 1 0 0 25378336 0 0 25378336 93
15 1 0 0 80448924 0 0 80448924 63
15 1 0 0 88731468 0 0 88731468 26
15 1 0 0 62564324 0 0 62564324 38
15 1 0 0 66581900 0 0 66581900 63
15 1 0 0 122535048 0 0 122535048 26
15 1 0 0 125773432 0 0 125773432 26
15 1 0 0 117937700 0 0 117937700 26
15 1 0 0 65934536 0 0 65934536 33
15 1 0 0 18600076 0 0 18600076 33
15 1 0 0 52085028 0 0 52085028 87
15 1 0 0 11849512 0 0 11849512 62
15 1 0 0 40161956 0 0 40161956 33
15 1 0 0 32775800 0 0 32775800 33
15 1 0 0 96728916 0 0 96728916 26
15 1 0 0 61621424 0 0 61621424 33
15 1 0 0 8224812 0 0 8224812 62
15 1 0 0 64933220 0 0 64933220 33
15 1 0 0 102721680 0 0 102721680 26
15 1 0 0 6047652 0 0 6047652 62
15 1 0 0 70529660 0 0 70529660 33
15 1 0 0 54868856 0 0 54868856 87
15 1 0 0 139087920 0 0 139087920 26
15 1 0 0 49998192 0 0 49998192 106
15 1 0 0 108935448 0 0 108935448 26
15 1 0 0 35448672 0 0 35448672 62
15 1 0 0 12691072 0 0 12691072 62
15 1 0 0 70297412 0 0 70297412 87
15 1 0 0 51126064 0 0 51126064 106
15 1 0 0 45452900 0 0 45452900 106
15 1 0 0 70816724 0 0 70816724 106
15 1 0 0 25890036 0 0 25890036 62
15 1 0 0 9273832 0 0 9273832 45
15 1 0 0 58264352 0 0 58264352 87
15 1 0 0 18693380 0 0 18693380 45
15 1 0 0 12618812 0 0 12618812 103
15 1 0 0 59806872 0 0 59806872 87
15 1 0 0 23659384 0 0 23659384 62
15 1 0 0 21352096 0 0 21352096 62
15 1 0 0 34882956 0 0 34882956 45
15 1 0 0 14111660 0 0 14111660 103
15 1 0 0 43142092 0 0 43142092 103
15 1 0 0 51096184 0 0 51096184 106
15 1 0 0 29951708 0 0 29951708 45
15 1 0 0 19026404 0 0 19026404 62
15 1 0 0 54974492 0 0 54974492 106
15 1 0 0 588684 0 0 588684 103
15 1 0 0 25927596 0 0 25927596 45
15 1 0 0 56693700 0 0 56693700 45
15 1 0 0 71214048 0 0 71214048 45
15 1 0 0 106003128 0 0 106003128 45
15 1 0 0 108785664 0 0 108785664 45
15 1 0 0 128313784 0 0 128313784 45
15 1 0 0 140787328 0 0 140787328 45
15 1 0 0 153554388 0 0 153554388 45
15 1 0 0 165587996 0 0 165587996 45
15 1 0 0 176794360 0 0 176794360 45
15 1 0 0 168654952 0 0 168654952 45
15 1 0 0 43934032 0 0 43934032 31
15 1 0 0 69176476 0 0 69176476 31
15 1 0 0 94149276 0 0 94149276 31
15 1 0 0 39294024 0 0 39294024 103
15 1 0 0 54375968 0 0 54375968 31
15 1 0 0 146439176 0 0 146439176 93
15 1 0 0 95024812 0 0 95024812 31
15 1 0 0 145156136 0 0 145156136 93
15 1 0 0 63518844 0 0 63518844 103
15 1 0 0 92307124 0 0 92307124 31
15 1 0 0 122758676 0 0 122758676 93
15 1 0 0 78575532 0 0 78575532 103
15 1 0 0 86186128 0 0 86186128 103
15 1 0 0 96840040 0 0 96840040 103
15 1 0 0 115732680 0 0 115732680 93
15 1 0 0 110995664 0 0 110995664 103
15 1 0 0 93298976 0 0 93298976 31
15 1 0 0 117523796 0 0 117523796 31
15 1 0 0 132580484 0 0 132580484 31
15 1 0 0 105367080 0 0 105367080 103
15 1 0 0 140191080 0 0 140191080 31
15 1 0 0 150844992 0 0 150844992 31
15 1 0 0 150630564 0 0 150630564 93
15 1 0 0 136562844 0 0 136562844 103
15 1 0 0 149223636 0 0 149223636 93
15 1 0 0 136802988 0 0 136802988 103
15 1 0 0 165000616 0 0 165000616 31
15 1 0 0 159372032 0 0 159372032 31
15 1 0 0 173574492 0 0 173574492 93
15 1 0 0 97953460 0 0 97953460 79
15 1 0 0 197019160 0 0 197019160 93
15 1 0 0 190567796 0 0 190567796 31
15 1 0 0 74151184 0 0 74151184 79
15 1 0 0 123365592 0 0 123365592 103
15 1 0 0 79516132 0 0 79516132 79
15 1 0 0 22256848 0 0 22256848 23
15 1 0 0 74232000 0 0 74232000 79
15 1 0 0 35967424 0 0 35967424 23
15 1 0 0 83693204 0 0 83693204 108
15 1 0 0 38712808 0 0 38712808 23
15 1 0 0 55162132 0 0 55162132 23
15 1 0 0 29613996 0 0 29613996 39
15 1 0 0 30604608 0 0 30604608 39
15 1 0 0 13923944 0 0 13923944 39
15 1 0 0 51645040 0 0 51645040 23
15 1 0 0 32313556 0 0 32313556 39
15 1 0 0 46033148 0 0 46033148 23
15 1 0 0 31971072 0 0 31971072 23
15 1 0 0 45202460 0 0 45202460 39
15 1 0 0 43680804 0 0 43680804 39
15 1 0 0 32925980 0 0 32925980 23
15 1 0 0 60516028 0 0 60516028 39
15 1 0 0 19135288 0 0 19135288 45
15 1 0 0 20536928 0 0 20536928 45
15 1 0 0 2679496 0 0 2679496 45
15 1 0 0 94647480 0 0 94647480 39
15 1 0 0 58912112 0 0 58912112 39
15 1 0 0 89776136 0 0 89776136 39
15 1 0 0 94613780 0 0 94613780 39
15 1 0 0 78880748 0 0 78880748 26
15 1 0 0 56514240 0 0 56514240 26
15 1 0 0 106979436 0 0 106979436 39
15 1 0 0 58117272 0 0 58117272 26
15 1 0 0 78880732 0 0 78880732 63
15 1 0 0 56514224 0 0 56514224 63
15 1 0 0 58117256 0 0 58117256 63
15 1 0 0 59800856 0 0 59800856 26
15 1 0 0 82413860 0 0 82413860 26
15 1 0 0 59800840 0 0 59800840 63
15 1 0 0 82413844 0 0 82413844 63
15 1 0 0 71726112 0 0 71726112 26
15 1 0 0 100719512 0 0 100719512 26
15 1 0 0 53005664 0 0 53005664 53
15 1 0 0 46763124 0 0 46763124 53
15 1 0 0 28039416 0 0 28039416 53
15 1 0 0 127402872 0 0 127402872 26
15 1 0 0 120085120 0 0 120085120 26
15 1 0 0 41496964 0 0 41496964 53
15 1 0 0 40214156 0 0 40214156 53
15 1 0 0 57901668 0 0 57901668 53
15 1 0 0 28924140 0 0 28924140 33
15 1 0 0 37459120 0 0 37459120 33
15 1 0 0 129148384 0 0 129148384 82
15 1 0 0 29235472 0 0 29235472 71
15 1 0 0 22882772 0 0 22882772 33
15 1 0 0 70633684 0 0 70633684 53
15 1 0 0 33465196 0 0 33465196 33
15 1 0 0 29910068 0 0 29910068 71
15 1 0 0 26633708 0 0 26633708 71
15 1 0 0 33646880 0 0 33646880 53
15 1 0 0 43246940 0 0 43246940 71
15 1 0 0 49707056 0 0 49707056 33
15 1 0 0 46060016 0 0 46060016 71
15 1 0 0 40138204 0 0 40138204 33
15 1 0 0 49300424 0 0 49300424 71
15 1 0 0 21187536 0 0 21187536 71
15 1 0 0 43833992 0 0 43833992 33
15 1 0 0 22677580 0 0 22677580 71
15 1 0 0 47768576 0 0 47768576 33
15 1 0 0 26176336 0 0 26176336 71
15 1 0 0 28327456 0 0 28327456 71
15 1 0 0 160631400 0 0 160631400 82
15 1 0 0 30326332 0 0 30326332 33
15 1 0 0 60133932 0 0 60133932 33
15 1 0 0 52399960 0 0 52399960 71
15 1 0 0 64203352 0 0 64203352 33
15 1 0 0 47579752 0 0 47579752 71
15 1 0 0 52267860 0 0 52267860 33
15 1 0 0 145547192 0 0 145547192 82
15 1 0 0 79653564 0 0 79653564 33
15 1 0 0 57031988 0 0 57031988 33
15 1 0 0 67018456 0 0 67018456 101
15 1 0 0 143330876 0 0 143330876 82
15 1 0 0 64336000 0 0 64336000 101
15 1 0 0 45506480 0 0 45506480 101
15 1 0 0 40489324 0 0 40489324 101
15 1 0 0 52047244 0 0 52047244 101
15 1 0 0 11979976 0 0 11979976 101
15 1 0 0 46735616 0 0 46735616 101
15 1 0 0 2269644 0 0 2269644 101
15 1 0 0 12299456 0 0 12299456 101
15 1 0 0 38975104 0 0 38975104 101
15 1 0 0 27997716 0 0 27997716 101
15 1 0 0 27930240 0 0 27930240 101
15 1 0 0 35721652 0 0 35721652 101
15 1 0 0 42994676 0 0 42994676 81
15 1 0 0 23280524 0 0 23280524 101
15 1 0 0 33696156 0 0 33696156 101
15 1 0 0 24843384 0 0 24843384 81
15 1 0 0 17115856 0 0 17115856 81
15 1 0 0 19825756 0 0 19825756 81
15 1 0 0 4462984 0 0 4462984 81
15 1 0 0 44196932 0 0 44196932 111
15 1 0 0 26839532 0 0 26839532 77
15 1 0 0 25375480 0 0 25375480 77
15 1 0 0 30032488 0 0 30032488 77
15 1 0 0 17223376 0 0 17223376 77
15 1 0 0 20783840 0 0 20783840 77
15 1 0 0 15764008 0 0 15764008 77
15 1 0 0 44529972 0 0 44529972 77
15 1 0 0 47088224 0 0 47088224 77
15 1 0 0 46103220 0 0 46103220 77
15 1 0 0 164071320 0 0 164071320 24
15 1 0 0 141865500 0 0 141865500 24
15 1 0 0 20021512 0 0 20021512 77
15 1 0 0 142104416 0 0 142104416 24
15 1 0 0 42109704 0 0 42109704 77
15 1 0 0 163429552 0 0 163429552 24
15 1 0 0 4288492 0 0 4288492 38
15 1 0 0 27847492 0 0 27847492 38
15 1 0 0 18669532 0 0 18669532 38
15 1 0 0 27847492 0 0 27847492 38
15 1 0 0 50784888 0 0 50784888 93
15 1 0 0 19980968 0 0 19980968 93
15 1 0 0 27847492 0 0 27847492 38
15 1 0 0 7010216 0 0 7010216 38
15 1 0 0 157901588 0 0 157901588 24
15 1 0 0 14432412 0 0 14432412 38
15 1 0 0 7010216 0 0 7010216 38
15 1 0 0 14432412 0 0 14432412 38
15 1 0 0 45234952 0 0 45234952 38
15 1 0 0 22876848 0 0 22876848 38
15 1 0 0 36474772 0 0 36474772 38
15 1 0 0 53679388 0 0 53679388 38
15 1 0 0 24763712 0 0 24763712 38
15 1 0 0 50822748 0 0 50822748 38
15 1 0 0 17817000 0 0 17817000 93
15 1 0 0 3868696 0 0 3868696 38
15 1 0 0 60000708 0 0 60000708 38
15 1 0 0 34671236 0 0 34671236 38
15 1 0 0 21649332 0 0 21649332 93
15 1 0 0 25406976 0 0 25406976 93
15 1 0 0 50399840 0 0 50399840 93
15 1 0 0 7776536 0 0 7776536 38
15 1 0 0 27847492 0 0 27847492 38
15 1 0 0 39163432 0 0 39163432 38
15 1 0 0 9527808 0 0 9527808 38
15 1 0 0 30934396 0 0 30934396 38
15 1 0 0 46585628 0 0 46585628 38
15 1 0 0 47305408 0 0 47305408 93
15 1 0 0 7010216 0 0 7010216 38
15 1 0 0 14762100 0 0 14762100 38
15 1 0 0 27847492 0 0 27847492 38
15 1 0 0 30628732 0 0 30628732 38
15 1 0 0 28865536 0 0 28865536 38
15 1 0 0 27847492 0 0 27847492 38
15 1 0 0 14432412 0 0 14432412 38
15 1 0 0 7010216 0 0 7010216 38
15 1 0 0 22184296 0 0 22184296 38
15 1 0 0 17466064 0 0 17466064 38
15 1 0 0 21139060 0 0 21139060 38
15 1 0 0 46585628 0 0 46585628 38
15 1 0 0 7010216 0 0 7010216 38
15 1 0 0 13391052 0 0 13391052 38
15 1 0 0 55273028 0 0 55273028 93
15 1 0 0 42795536 0 0 42795536 38
15 1 0 0 49338764 0 0 49338764 93
15 1 0 0 36950052 0 0 36950052 38
15 1 0 0 49624796 0 0 49624796 93
15 1 0 0 14432412 0 0 14432412 38
15 1 0 0 37825448 0 0 37825448 38
15 1 0 0 22876848 0 0 22876848 38
15 1 0 0 55968104 0 0 55968104 93
15 1 0 0 66500308 0 0 66500308 93
15 1 0 0 21958260 0 0 21958260 38
15 1 0 0 11620580 0 0 11620580 38
15 1 0 0 2956896 0 0 2956896 31
15 1 0 0 40108524 0 0 40108524 93
15 1 0 0 18503944 0 0 18503944 31
15 1 0 0 55030064 0 0 55030064 38
15 1 0 0 54004308 0 0 54004308 93
15 1 0 0 29380456 0 0 29380456 38
15 1 0 0 7612736 0 0 7612736 31
15 1 0 0 25189808 0 0 25189808 38
15 1 0 0 26114388 0 0 26114388 38
15 1 0 0 16007756 0 0 16007756 31
15 1 0 0 52173424 0 0 52173424 38
15 1 0 0 37824892 0 0 37824892 38
15 1 0 0 61351384 0 0 61351384 38
15 1 0 0 3868696 0 0 3868696 38
15 1 0 0 36021912 0 0 36021912 38
15 1 0 0 2518000 0 0 2518000 38
15 1 0 0 27847472 0 0 27847472 38
15 1 0 0 48620572 0 0 48620572 28
15 1 0 0 18816740 0 0 18816740 38
15 1 0 0 40514108 0 0 40514108 38
15 1 0 0 46585608 0 0 46585608 38
15 1 0 0 47936304 0 0 47936304 38
15 1 0 0 62182924 0 0 62182924 28
15 1 0 0 7010196 0 0 7010196 38
15 1 0 0 25370208 0 0 25370208 36
15 1 0 0 14432392 0 0 14432392 38
15 1 0 0 37825428 0 0 37825428 38
15 1 0 0 70627360 0 0 70627360 28
15 1 0 0 22876828 0 0 22876828 38
15 1 0 0 12643960 0 0 12643960 36
15 1 0 0 58628996 0 0 58628996 28
15 1 0 0 80035584 0 0 80035584 28
15 1 0 0 55030044 0 0 55030044 38
15 1 0 0 51619208 0 0 51619208 28
15 1 0 0 20066156 0 0 20066156 36
15 1 0 0 26114368 0 0 26114368 38
15 1 0 0 28510592 0 0 28510592 36
15 1 0 0 61351364 0 0 61351364 38
15 1 0 0 63224724 0 0 63224724 38
15 1 0 0 3868676 0 0 3868676 38
15 1 0 0 76948680 0 0 76948680 28
15 1 0 0 63533600 0 0 63533600 28
15 1 0 0 36021892 0 0 36021892 38
15 1 0 0 56111404 0 0 56111404 28
15 1 0 0 14760956 0 0 14760956 36
15 1 0 0 56775508 0 0 56775508 38
15 1 0 0 76787076 0 0 76787076 38
15 1 0 0 34831912 0 0 34831912 36
15 1 0 0 9502440 0 0 9502440 36
15 1 0 0 44049260 0 0 44049260 38
15 1 0 0 70240248 0 0 70240248 28
15 1 0 0 85231512 0 0 85231512 38
15 1 0 0 69773420 0 0 69773420 38
15 1 0 0 9044492 0 0 9044492 63
15 1 0 0 51471456 0 0 51471456 38
15 1 0 0 13994636 0 0 13994636 36
15 1 0 0 35849956 0 0 35849956 36
15 1 0 0 59915892 0 0 59915892 38
15 1 0 0 8900656 0 0 8900656 63
15 1 0 0 66223360 0 0 66223360 38
15 1 0 0 47101612 0 0 47101612 38
15 1 0 0 72431084 0 0 72431084 38
15 1 0 0 22459292 0 0 22459292 63
15 1 0 0 24450484 0 0 24450484 36
15 1 0 0 29216664 0 0 29216664 74
15 1 0 0 91552832 0 0 91552832 38
15 1 0 0 7791656 0 0 7791656 63
15 1 0 0 49779956 0 0 49779956 36
15 1 0 0 67886908 0 0 67886908 69
15 1 0 0 44164720 0 0 44164720 45
15 1 0 0 53558120 0 0 53558120 74
15 1 0 0 43088796 0 0 43088796 69
15 1 0 0 47591064 0 0 47591064 69
15 1 0 0 0 0 0 0 63
15 1 0 0 68506176 0 0 68506176 45
15 1 0 0 58126184 0 0 58126184 38
15 1 0 0 66237212 0 0 66237212 38
15 1 0 0 28163260 0 0 28163260 74
15 1 0 0 24313668 0 0 24313668 74
15 1 0 0 3353436 0 0 3353436 63
15 1 0 0 24788148 0 0 24788148 74
15 1 0 0 40907740 0 0 40907740 38
15 1 0 0 60379296 0 0 60379296 69
15 1 0 0 27620476 0 0 27620476 63
15 1 0 0 43111316 0 0 43111316 45
15 1 0 0 39261724 0 0 39261724 45
15 1 0 0 42110412 0 0 42110412 69
15 1 0 0 14366996 0 0 14366996 74
15 1 0 0 14220588 0 0 14220588 63
15 1 0 0 989228 0 0 989228 74
15 1 0 0 29299944 0 0 29299944 74
15 1 0 0 39736204 0 0 39736204 45
15 1 0 0 42861140 0 0 42861140 63
15 1 0 0 6130764 0 0 6130764 74
15 1 0 0 8245104 0 0 8245104 93
15 1 0 0 15806968 0 0 15806968 74
15 1 0 0 41811256 0 0 41811256 45
15 1 0 0 47939348 0 0 47939348 69
15 1 0 0 7718720 0 0 7718720 93
15 1 0 0 2296452 0 0 2296452 45
15 1 0 0 28118676 0 0 28118676 74
15 1 0 0 21119552 0 0 21119552 74
15 1 0 0 57718636 0 0 57718636 74
15 1 0 0 29315052 0 0 29315052 45
15 1 0 0 18901640 0 0 18901640 63
15 1 0 0 15937284 0 0 15937284 45
15 1 0 0 54769252 0 0 54769252 69
15 1 0 0 30483700 0 0 30483700 63
15 1 0 0 18820248 0 0 18820248 93
15 1 0 0 44248000 0 0 44248000 45
15 1 0 0 704848 0 0 704848 60
15 1 0 0 40359152 0 0 40359152 63
15 1 0 0 217655232 0 0 217655232 26
15 1 0 0 21078820 0 0 21078820 45
15 1 0 0 195719760 0 0 195719760 26
15 1 0 0 30755024 0 0 30755024 45
15 1 0 0 24165188 0 0 24165188 60
15 1 0 0 37515672 0 0 37515672 60
15 1 0 0 43066732 0 0 43066732 45
15 1 0 0 36067608 0 0 36067608 45
15 1 0 0 47429628 0 0 47429628 63
15 1 0 0 72666692 0 0 72666692 45
15 1 0 0 55943808 0 0 55943808 60
15 1 0 0 148497744 0 0 148497744 26
15 1 0 0 173447432 0 0 173447432 26
15 1 0 0 66891988 0 0 66891988 63
15 1 0 0 49964996 0 0 49964996 60
15 1 0 0 39445820 0 0 39445820 72
15 1 0 0 59245648 0 0 59245648 63
15 1 0 0 176372292 0 0 176372292 26
15 1 0 0 198058116 0 0 198058116 26
15 1 0 0 77922484 0 0 77922484 60
15 1 0 0 87038944 0 0 87038944 60
15 1 0 0 52245504 0 0 52245504 60
15 1 0 0 115184732 0 0 115184732 93
15 1 0 0 64439380 0 0 64439380 60
15 1 0 0 117291004 0 0 117291004 93
15 1 0 0 88442656 0 0 88442656 60
15 1 0 0 123821272 0 0 123821272 93
15 1 0 0 78429932 0 0 78429932 60
15 1 0 0 70500228 0 0 70500228 60
15 1 0 0 83142572 0 0 83142572 60
15 1 0 0 56220328 0 0 56220328 98
15 1 0 0 52891452 0 0 52891452 98
15 1 0 0 127438228 0 0 127438228 93
15 1 0 0 70351336 0 0 70351336 98
15 1 0 0 73027320 0 0 73027320 98
15 1 0 0 125278712 0 0 125278712 93
15 1 0 0 114196120 0 0 114196120 93
15 1 0 0 85058512 0 0 85058512 98
15 1 0 0 61426708 0 0 61426708 62
15 1 0 0 85474616 0 0 85474616 98
15 1 0 0 61605204 0 0 61605204 111
15 1 0 0 98835472 0 0 98835472 93
15 1 0 0 27578416 0 0 27578416 62
15 1 0 0 135411148 0 0 135411148 93
15 1 0 0 59979100 0 0 59979100 62
15 1 0 0 61275292 0 0 61275292 98
15 1 0 0 28330796 0 0 28330796 62
15 1 0 0 146727544 0 0 146727544 28
15 1 0 0 53721324 0 0 53721324 62
15 1 0 0 114802204 0 0 114802204 46
15 1 0 0 23504536 0 0 23504536 62
15 1 0 0 76393368 0 0 76393368 46
15 1 0 0 84389944 0 0 84389944 46
15 1 0 0 31358180 0 0 31358180 62
15 1 0 0 60964824 0 0 60964824 98
15 1 0 0 57829712 0 0 57829712 62
15 1 0 0 41977020 0 0 41977020 46
15 1 0 0 54486328 0 0 54486328 62
15 1 0 0 69434012 0 0 69434012 46
15 1 0 0 40612988 0 0 40612988 62
15 1 0 0 126909940 0 0 126909940 28
15 1 0 0 114750220 0 0 114750220 28
15 1 0 0 88899396 0 0 88899396 98
15 1 0 0 115373464 0 0 115373464 28
15 1 0 0 91498368 0 0 91498368 46
15 1 0 0 93110932 0 0 93110932 98
15 1 0 0 84114412 0 0 84114412 98
15 1 0 0 26605208 0 0 26605208 86
15 1 0 0 98324084 0 0 98324084 98
15 1 0 0 88354644 0 0 88354644 98
15 1 0 0 18080612 0 0 18080612 86
15 1 0 0 39485284 0 0 39485284 86
15 1 0 0 4462984 0 0 4462984 86
15 1 0 0 33943884 0 0 33943884 86
15 1 0 0 10536584 0 0 10536584 86
15 1 0 0 11520840 0 0 11520840 86
15 1 0 0 37661224 0 0 37661224 86
15 1 0 0 17734472 0 0 17734472 86
15 1 0 0 15110672 0 0 15110672 86
15 1 0 0 10463044 0 0 10463044 86
15 1 0 0 2854972 0 0 2854972 86
15 1 0 0 45663480 0 0 45663480 86
15 1 0 0 29462172 0 0 29462172 86
15 1 0 0 34175320 0 0 34175320 105
15 1 0 0 36195468 0 0 36195468 86
15 1 0 0 114782872 0 0 114782872 86
15 1 0 0 27615548 0 0 27615548 105
15 1 0 0 29335064 0 0 29335064 86
15 1 0 0 53755932 0 0 53755932 105
15 1 0 0 31205380 0 0 31205380 105
15 1 0 0 74967148 0 0 74967148 86
15 1 0 0 62404848 0 0 62404848 86
15 1 0 0 26557752 0 0 26557752 105
15 1 0 0 66189556 0 0 66189556 86
15 1 0 0 18949680 0 0 18949680 105
15 1 0 0 80031272 0 0 80031272 86
15 1 0 0 76223368 0 0 76223368 86
15 1 0 0 105370004 0 0 105370004 86
15 1 0 0 64510860 0 0 64510860 86
15 1 0 0 52290176 0 0 52290176 105
15 1 0 0 22076956 0 0 22076956 86
15 1 0 0 67819608 0 0 67819608 86
15 1 0 0 45429772 0 0 45429772 105
15 1 0 0 62957080 0 0 62957080 86
15 1 0 0 74547556 0 0 74547556 86
15 1 0 0 90414072 0 0 90414072 86
15 1 0 0 33088784 0 0 33088784 60
15 1 0 0 33431192 0 0 33431192 110
15 1 0 0 24221780 0 0 24221780 60
15 1 0 0 12905232 0 0 12905232 110
15 1 0 0 112478428 0 0 112478428 86
15 1 0 0 9244104 0 0 9244104 60
15 1 0 0 38774520 0 0 38774520 69
15 1 0 0 13240400 0 0 13240400 110
15 1 0 0 25688432 0 0 25688432 60
15 1 0 0 49314968 0 0 49314968 69
15 1 0 0 27486920 0 0 27486920 110
15 1 0 0 21020116 0 0 21020116 33
15 1 0 0 55555576 0 0 55555576 69
15 1 0 0 39188572 0 0 39188572 60
15 1 0 0 42579704 0 0 42579704 47
15 1 0 0 31640140 0 0 31640140 110
15 1 0 0 27117828 0 0 27117828 110
15 1 0 0 56998028 0 0 56998028 60
15 1 0 0 64710656 0 0 64710656 69
15 1 0 0 23600648 0 0 23600648 33
15 1 0 0 80324960 0 0 80324960 60
15 1 0 0 59601856 0 0 59601856 110
15 1 0 0 41785752 0 0 41785752 69
15 1 0 0 70166616 0 0 70166616 47
15 1 0 0 28128780 0 0 28128780 95
15 1 0 0 49640656 0 0 49640656 47
15 1 0 0 26321688 0 0 26321688 33
15 1 0 0 61724436 0 0 61724436 60
15 1 0 0 44611856 0 0 44611856 69
15 1 0 0 22876848 0 0 22876848 33
15 1 0 0 49975824 0 0 49975824 47
15 1 0 0 64222344 0 0 64222344 47
15 1 0 0 29618236 0 0 29618236 110
15 1 0 0 10732300 0 0 10732300 33
15 1 0 0 64304968 0 0 64304968 60
15 1 0 0 43444976 0 0 43444976 33
15 1 0 0 53784716 0 0 53784716 69
15 1 0 0 33943240 0 0 33943240 33
15 1 0 0 35253388 0 0 35253388 95
15 1 0 0 3228668 0 0 3228668 33
15 1 0 0 21639680 0 0 21639680 95
15 1 0 0 30904136 0 0 30904136 33
15 1 0 0 15925480 0 0 15925480 95
15 1 0 0 67026008 0 0 67026008 60
15 1 0 0 22311188 0 0 22311188 110
15 1 0 0 57613376 0 0 57613376 69
15 1 0 0 24760780 0 0 24760780 95
15 1 0 0 54875112 0 0 54875112 69
15 1 0 0 63581168 0 0 63581168 60
15 1 0 0 52394572 0 0 52394572 69
15 1 0 0 51436620 0 0 51436620 60
15 1 0 0 84149296 0 0 84149296 60
15 1 0 0 45882764 0 0 45882764 69
15 1 0 0 50120180 0 0 50120180 110
15 1 0 0 74647560 0 0 74647560 60
15 1 0 0 57244788 0 0 57244788 110
15 1 0 0 43631080 0 0 43631080 110
15 1 0 0 1313704 0 0 1313704 87
15 1 0 0 37916880 0 0 37916880 110
15 1 0 0 46752180 0 0 46752180 110
15 1 0 0 11045988 0 0 11045988 87
15 1 0 0 26661876 0 0 26661876 87
15 1 0 0 589824 0 0 589824 87
15 1 0 0 26768844 0 0 26768844 87
15 1 0 0 34169044 0 0 34169044 111
15 1 0 0 2203392 0 0 2203392 87
15 1 0 0 11111780 0 0 11111780 111
15 1 0 0 5098448 0 0 5098448 111
15 1 0 0 32159888 0 0 32159888 87
15 1 0 0 33718944 0 0 33718944 111
15 1 0 0 3171468 0 0 3171468 111
15 1 0 0 23424308 0 0 23424308 87
15 1 0 0 57825872 0 0 57825872 45
15 1 0 0 15646148 0 0 15646148 111
15 1 0 0 65183460 0 0 65183460 45
15 1 0 0 17510520 0 0 17510520 87
15 1 0 0 29302488 0 0 29302488 79
15 1 0 0 13202812 0 0 13202812 87
15 1 0 0 44110328 0 0 44110328 45
15 1 0 0 67136540 0 0 67136540 45
15 1 0 0 10955552 0 0 10955552 79
15 1 0 0 29509012 0 0 29509012 111
15 1 0 0 32467136 0 0 32467136 79
15 1 0 0 10352452 0 0 10352452 87
15 1 0 0 36988764 0 0 36988764 45
15 1 0 0 18086500 0 0 18086500 87
15 1 0 0 32341732 0 0 32341732 87
15 1 0 0 32399984 0 0 32399984 79
15 1 0 0 18371772 0 0 18371772 87
15 1 0 0 67535896 0 0 67535896 79
15 1 0 0 46985296 0 0 46985296 45
15 1 0 0 54619280 0 0 54619280 79
15 1 0 0 69047956 0 0 69047956 45
15 1 0 0 42676732 0 0 42676732 45
15 1 0 0 70413516 0 0 70413516 45
15 1 0 0 52873420 0 0 52873420 79
15 1 0 0 19441756 0 0 19441756 81
15 1 0 0 95349080 0 0 95349080 45
15 1 0 0 70921776 0 0 70921776 79
15 1 0 0 3291228 0 0 3291228 105
15 1 0 0 111042524 0 0 111042524 45
15 1 0 0 31870360 0 0 31870360 105
15 1 0 0 24471492 0 0 24471492 105
15 1 0 0 7508520 0 0 7508520 105
15 1 0 0 65625240 0 0 65625240 79
15 1 0 0 31068088 0 0 31068088 105
15 1 0 0 44899224 0 0 44899224 105
15 1 0 0 47917724 0 0 47917724 79
15 1 0 0 44647268 0 0 44647268 79
15 1 0 0 56155560 0 0 56155560 79
15 1 0 0 72791824 0 0 72791824 79
15 1 0 0 62447004 0 0 62447004 103
15 1 0 0 53028548 0 0 53028548 103
15 1 0 0 34278528 0 0 34278528 103
15 1 0 0 24958244 0 0 24958244 103
15 1 0 0 18095816 0 0 18095816 103
15 1 0 0 79267608 0 0 79267608 101
15 1 0 0 95204716 0 0 95204716 101
15 1 0 0 35236464 0 0 35236464 101
15 1 0 0 13778912 0 0 13778912 101
15 1 0 0 84439828 0 0 84439828 77
15 1 0 0 77105504 0 0 77105504 77
15 1 0 0 66172276 0 0 66172276 101
15 1 0 0 55078776 0 0 55078776 77
15 1 0 0 39294024 0 0 39294024 77
15 1 0 0 45019996 0 0 45019996 101
15 1 0 0 87922308 0 0 87922308 105
15 1 0 0 64215064 0 0 64215064 74
15 1 0 0 80587984 0 0 80587984 105
15 1 0 0 55559532 0 0 55559532 101
15 1 0 0 17382372 0 0 17382372 105
15 1 0 0 55436328 0 0 55436328 101
15 1 0 0 47874060 0 0 47874060 101
15 1 0 0 59745888 0 0 59745888 74
15 1 0 0 78354896 0 0 78354896 101
15 1 0 0 47221816 0 0 47221816 105
15 1 0 0 8057900 0 0 8057900 105
15 1 0 0 82123548 0 0 82123548 74
15 1 0 0 461116 0 0 461116 105
15 1 0 0 42502716 0 0 42502716 105
15 1 0 0 54064400 0 0 54064400 101
15 1 0 0 58561256 0 0 58561256 105
15 1 0 0 81139316 0 0 81139316 74
15 1 0 0 42776504 0 0 42776504 105
15 1 0 0 60640076 0 0 60640076 101
15 1 0 0 73566184 0 0 73566184 74
15 1 0 0 68237820 0 0 68237820 101
15 1 0 0 52243624 0 0 52243624 74
15 1 0 0 79657144 0 0 79657144 74
15 1 0 0 10548040 0 0 10548040 24
15 1 0 0 48132016 0 0 48132016 45
15 1 0 0 28025260 0 0 28025260 45
15 1 0 0 33346888 0 0 33346888 24
15 1 0 0 55785068 0 0 55785068 45
15 1 0 0 85624512 0 0 85624512 45
15 1 0 0 54599480 0 0 54599480 45
15 1 0 0 63958272 0 0 63958272 24
15 1 0 0 27682000 0 0 27682000 45
15 1 0 0 56905380 0 0 56905380 45
15 1 0 0 46460596 0 0 46460596 45
15 1 0 0 70461492 0 0 70461492 45
15 1 0 0 64426488 0 0 64426488 24
15 1 0 0 39173216 0 0 39173216 24
15 1 0 0 75240688 0 0 75240688 45
15 1 0 0 38863812 0 0 38863812 45
15 1 0 0 50760632 0 0 50760632 24
15 1 0 0 80905412 0 0 80905412 45
15 1 0 0 81179200 0 0 81179200 45
15 1 0 0 57615272 0 0 57615272 24
15 1 0 0 76511308 0 0 76511308 74
15 1 0 0 41532224 0 0 41532224 74
15 1 0 0 47301036 0 0 47301036 22
15 1 0 0 62800240 0 0 62800240 22
15 1 0 0 27551844 0 0 27551844 22
15 1 0 0 6736388 0 0 6736388 22
15 1 0 0 66119768 0 0 66119768 72
15 1 0 0 75916112 0 0 75916112 72
15 1 0 0 461116 0 0 461116 45
15 1 0 0 84003916 0 0 84003916 72
15 1 0 0 69457708 0 0 69457708 24
15 1 0 0 16749360 0 0 16749360 45
15 1 0 0 47050308 0 0 47050308 24
15 1 0 0 10821792 0 0 10821792 45
15 1 0 0 110706012 0 0 110706012 72
15 1 0 0 130428248 0 0 130428248 72
15 1 0 0 37129464 0 0 37129464 24
15 1 0 0 16844964 0 0 16844964 45
15 1 0 0 7182216 0 0 7182216 45
15 1 0 0 10729608 0 0 10729608 45
15 1 0 0 50330684 0 0 50330684 45
15 1 0 0 137089820 0 0 137089820 72
15 1 0 0 72999968 0 0 72999968 24
15 1 0 0 63458060 0 0 63458060 24
15 1 0 0 116503600 0 0 116503600 72
15 1 0 0 67510076 0 0 67510076 45
15 1 0 0 132791844 0 0 132791844 72
15 1 0 0 66165428 0 0 66165428 45
15 1 0 0 126864276 0 0 126864276 72
15 1 0 0 72726804 0 0 72726804 45
15 1 0 0 132887448 0 0 132887448 72
15 1 0 0 56225068 0 0 56225068 24
15 1 0 0 117215760 0 0 117215760 38
15 1 0 0 123224700 0 0 123224700 72
15 1 0 0 24217924 0 0 24217924 105
15 1 0 0 61326668 0 0 61326668 24
15 1 0 0 19248316 0 0 19248316 105
15 1 0 0 6542104 0 0 6542104 105
15 1 0 0 72781256 0 0 72781256 38
15 1 0 0 106010688 0 0 106010688 38
15 1 0 0 67537700 0 0 67537700 38
15 1 0 0 93205732 0 0 93205732 38
15 1 0 0 32678260 0 0 32678260 105
15 1 0 0 54254148 0 0 54254148 105
15 1 0 0 107276664 0 0 107276664 38
15 1 0 0 112778112 0 0 112778112 38
15 1 0 0 65521372 0 0 65521372 105
15 1 0 0 60451064 0 0 60451064 111
15 1 0 0 105795908 0 0 105795908 38
15 1 0 0 153466268 0 0 153466268 38
15 1 0 0 149964596 0 0 149964596 38
15 1 0 0 100625748 0 0 100625748 111
15 1 0 0 121611272 0 0 121611272 38
15 1 0 0 2327704 0 0 2327704 52
15 1 0 0 1313704 0 0 1313704 52
15 1 0 0 31651836 0 0 31651836 38
15 1 0 0 53648472 0 0 53648472 38
15 1 0 0 57289268 0 0 57289268 111
15 1 0 0 76655788 0 0 76655788 111
15 1 0 0 45220516 0 0 45220516 38
15 1 0 0 165101172 0 0 165101172 38
15 1 0 0 30880356 0 0 30880356 38
15 1 0 0 28226800 0 0 28226800 38
15 1 0 0 152621296 0 0 152621296 38
15 1 0 0 14058484 0 0 14058484 38
15 1 0 0 66666040 0 0 66666040 38
15 1 0 0 65068808 0 0 65068808 38
15 1 0 0 27847492 0 0 27847492 38
15 1 0 0 39608384 0 0 39608384 38
15 1 0 0 72975328 0 0 72975328 111
15 1 0 0 51171548 0 0 51171548 38
15 1 0 0 86152760 0 0 86152760 105
15 1 0 0 70440252 0 0 70440252 111
15 1 0 0 44747408 0 0 44747408 111
15 1 0 0 74980320 0 0 74980320 38
15 1 0 0 42914708 0 0 42914708 38
15 1 0 0 56405840 0 0 56405840 38
15 1 0 0 15726292 0 0 15726292 38
15 1 0 0 70395360 0 0 70395360 38
15 1 0 0 79155540 0 0 79155540 38
15 1 0 0 33002512 0 0 33002512 38
15 1 0 0 53198464 0 0 53198464 38
15 1 0 0 54999148 0 0 54999148 38
15 1 0 0 64653400 0 0 64653400 38
15 1 0 0 27847492 0 0 27847492 86
15 1 0 0 14999644 0 0 14999644 38
15 1 0 0 101511584 0 0 101511584 111
15 1 0 0 46571192 0 0 46571192 38
15 1 0 0 70712616 0 0 70712616 38
15 1 0 0 55255520 0 0 55255520 38
15 1 0 0 84110424 0 0 84110424 105
15 1 0 0 32231032 0 0 32231032 38
15 1 0 0 59313144 0 0 59313144 38
15 1 0 0 27847492 0 0 27847492 38
15 1 0 0 63211456 0 0 63211456 111
15 1 0 0 74756168 0 0 74756168 111
15 1 0 0 87599976 0 0 87599976 38
15 1 0 0 29577476 0 0 29577476 38
15 1 0 0 57382060 0 0 57382060 38
15 1 0 0 7010216 0 0 7010216 86
15 1 0 0 75388056 0 0 75388056 105
15 1 0 0 15409160 0 0 15409160 38
15 1 0 0 22876848 0 0 22876848 38
15 1 0 0 68016716 0 0 68016716 38
15 1 0 0 70850112 0 0 70850112 38
15 1 0 0 66419484 0 0 66419484 38
15 1 0 0 40959060 0 0 40959060 38
15 1 0 0 52522224 0 0 52522224 38
15 1 0 0 27847492 0 0 27847492 38
15 1 0 0 7010216 0 0 7010216 38
15 1 0 0 82145076 0 0 82145076 105
15 1 0 0 76330996 0 0 76330996 38
15 1 0 0 74423856 0 0 74423856 105
15 1 0 0 14432412 0 0 14432412 86
15 1 0 0 84642616 0 0 84642616 38
15 1 0 0 44265384 0 0 44265384 38
15 1 0 0 3868696 0 0 3868696 38
15 1 0 0 94082496 0 0 94082496 111
15 1 0 0 96275204 0 0 96275204 105
15 1 0 0 107916092 0 0 107916092 38
15 1 0 0 77243096 0 0 77243096 38
15 1 0 0 57756516 0 0 57756516 38
15 1 0 0 114579872 0 0 114579872 105
15 1 0 0 91412884 0 0 91412884 105
15 1 0 0 71746036 0 0 71746036 38
15 1 0 0 27847492 0 0 27847492 38
15 1 0 0 118445476 0 0 118445476 105
15 1 0 0 80506216 0 0 80506216 38
15 1 0 0 89492808 0 0 89492808 111
15 1 0 0 72521416 0 0 72521416 38
15 1 0 0 14432412 0 0 14432412 38
15 1 0 0 7010216 0 0 7010216 38
15 1 0 0 34353188 0 0 34353188 38
15 1 0 0 54549140 0 0 54549140 38
15 1 0 0 29016124 0 0 29016124 48
15 1 0 0 73084020 0 0 73084020 38
15 1 0 0 56349824 0 0 56349824 38
15 1 0 0 66004076 0 0 66004076 38
15 1 0 0 25185656 0 0 25185656 48
15 1 0 0 56405820 0 0 56405820 38
15 1 0 0 22876848 0 0 22876848 86
15 1 0 0 12813656 0 0 12813656 48
15 1 0 0 72063292 0 0 72063292 38
15 1 0 0 29198168 0 0 29198168 38
15 1 0 0 16447172 0 0 16447172 48
15 1 0 0 28426588 0 0 28426588 33
15 1 0 0 14432412 0 0 14432412 38
15 1 0 0 12618812 0 0 12618812 48
15 1 0 0 71794768 0 0 71794768 38
15 1 0 0 56606196 0 0 56606196 38
15 1 0 0 1203064 0 0 1203064 33
15 1 0 0 33581708 0 0 33581708 38
15 1 0 0 60663820 0 0 60663820 38
15 1 0 0 89431096 0 0 89431096 93
15 1 0 0 22876848 0 0 22876848 38
15 1 0 0 85600628 0 0 85600628 93
15 1 0 0 13426528 0 0 13426528 33
15 1 0 0 88950652 0 0 88950652 38
15 1 0 0 93058544 0 0 93058544 93
15 1 0 0 80506216 0 0 80506216 38
15 1 0 0 63828016 0 0 63828016 38
15 1 0 0 30928152 0 0 30928152 52
15 1 0 0 7737332 0 0 7737332 77
15 1 0 0 58732736 0 0 58732736 38
15 1 0 0 73228628 0 0 73228628 93
15 1 0 0 3868696 0 0 3868696 86
15 1 0 0 43973040 0 0 43973040 38
15 1 0 0 16759836 0 0 16759836 52
15 1 0 0 54720144 0 0 54720144 93
15 1 0 0 69367392 0 0 69367392 38
15 1 0 0 76862144 0 0 76862144 93
15 1 0 0 8360892 0 0 8360892 38
15 1 0 0 34500996 0 0 34500996 77
15 1 0 0 72200788 0 0 72200788 38
15 1 0 0 79671972 0 0 79671972 38
15 1 0 0 73033784 0 0 73033784 93
15 1 0 0 87176324 0 0 87176324 93
15 1 0 0 42309736 0 0 42309736 52
15 1 0 0 82729688 0 0 82729688 93
15 1 0 0 53872900 0 0 53872900 38
15 1 0 0 29528100 0 0 29528100 77
15 1 0 0 63220904 0 0 63220904 93
15 1 0 0 40089184 0 0 40089184 93
15 1 0 0 77681672 0 0 77681672 52
15 1 0 0 85993292 0 0 85993292 38
15 1 0 0 15783088 0 0 15783088 38
15 1 0 0 88950652 0 0 88950652 38
15 1 0 0 109266768 0 0 109266768 38
15 1 0 0 7737320 0 0 7737320 33
15 1 0 0 78593772 0 0 78593772 38
15 1 0 0 55477932 0 0 55477932 77
15 1 0 0 60663820 0 0 60663820 38
15 1 0 0 29198168 0 0 29198168 86
15 1 0 0 56769764 0 0 56769764 77
15 1 0 0 72272452 0 0 72272452 38
15 1 0 0 44488184 0 0 44488184 77
15 1 0 0 34500984 0 0 34500984 33
15 1 0 0 69942500 0 0 69942500 38
15 1 0 0 49226028 0 0 49226028 77
15 1 0 0 53584668 0 0 53584668 77
15 1 0 0 24227524 0 0 24227524 38
15 1 0 0 85993292 0 0 85993292 38
15 1 0 0 34541620 0 0 34541620 77
15 1 0 0 29528088 0 0 29528088 33
15 1 0 0 45323716 0 0 45323716 38
15 1 0 0 22592504 0 0 22592504 111
15 1 0 0 95271972 0 0 95271972 38
15 1 0 0 25185664 0 0 25185664 111
15 1 0 0 53264300 0 0 53264300 38
15 1 0 0 55477920 0 0 55477920 33
15 1 0 0 26327452 0 0 26327452 111
15 1 0 0 56769752 0 0 56769752 33
15 1 0 0 10886840 0 0 10886840 111
15 1 0 0 70077560 0 0 70077560 23
15 1 0 0 70917828 0 0 70917828 23
15 1 0 0 44488172 0 0 44488172 33
15 1 0 0 43971016 0 0 43971016 23
15 1 0 0 49226016 0 0 49226016 33
15 1 0 0 53584656 0 0 53584656 33
15 1 0 0 17544156 0 0 17544156 23
15 1 0 0 27419724 0 0 27419724 23
15 1 0 0 54291548 0 0 54291548 23
15 1 0 0 34541608 0 0 34541608 33
15 1 0 0 13105608 0 0 13105608 111
15 1 0 0 53083656 0 0 53083656 23
15 1 0 0 78593772 0 0 78593772 38
15 1 0 0 25185648 0 0 25185648 111
15 1 0 0 49504256 0 0 49504256 23
15 1 0 0 77483188 0 0 77483188 23
15 1 0 0 67623516 0 0 67623516 23
15 1 0 0 69659888 0 0 69659888 23
15 1 0 0 31737676 0 0 31737676 111
15 1 0 0 43313080 0 0 43313080 111
15 1 0 0 67061880 0 0 67061880 23
15 1 0 0 19786400 0 0 19786400 111
15 1 0 0 72488076 0 0 72488076 23
15 1 0 0 114721996 0 0 114721996 45
15 1 0 0 85264580 0 0 85264580 23
15 1 0 0 126520132 0 0 126520132 45
15 1 0 0 136395700 0 0 136395700 45
15 1 0 0 163267524 0 0 163267524 45
15 1 0 0 20348376 0 0 20348376 87
15 1 0 0 35638324 0 0 35638324 87
15 1 0 0 73268244 0 0 73268244 32
15 1 0 0 41126020 0 0 41126020 87
15 1 0 0 88756680 0 0 88756680 32
15 1 0 0 12483616 0 0 12483616 87
15 1 0 0 35830736 0 0 35830736 87
15 1 0 0 100425728 0 0 100425728 62
15 1 0 0 51098344 0 0 51098344 32
15 1 0 0 61654584 0 0 61654584 32
15 1 0 0 14488360 0 0 14488360 87
15 1 0 0 51482496 0 0 51482496 32
15 1 0 0 62758376 0 0 62758376 32
15 1 0 0 120135760 0 0 120135760 62
15 1 0 0 40315344 0 0 40315344 69
15 1 0 0 66595464 0 0 66595464 32
15 1 0 0 80744708 0 0 80744708 32
15 1 0 0 40089184 0 0 40089184 32
15 1 0 0 39258224 0 0 39258224 69
15 1 0 0 66451724 0 0 66451724 32
15 1 0 0 50502160 0 0 50502160 69
15 1 0 0 52096484 0 0 52096484 69
15 1 0 0 52924708 0 0 52924708 69
15 1 0 0 43560716 0 0 43560716 69
15 1 0 0 56119328 0 0 56119328 69
15 1 0 0 131402984 0 0 131402984 62
15 1 0 0 75222184 0 0 75222184 69
15 1 0 0 38941304 0 0 38941304 21
15 1 0 0 64020608 0 0 64020608 21
15 1 0 0 43407276 0 0 43407276 21
15 1 0 0 142670208 0 0 142670208 62
15 1 0 0 65643028 0 0 65643028 21
15 1 0 0 45527496 0 0 45527496 21
15 1 0 0 167706500 0 0 167706500 62
15 1 0 0 67662888 0 0 67662888 21
15 1 0 0 47640660 0 0 47640660 21
15 1 0 0 42391448 0 0 42391448 21
15 1 0 0 153937432 0 0 153937432 62
15 1 0 0 70117824 0 0 70117824 21
15 1 0 0 46604840 0 0 46604840 21
15 1 0 0 13313524 0 0 13313524 86
15 1 0 0 71405584 0 0 71405584 21
15 1 0 0 7351648 0 0 7351648 86
15 1 0 0 91191996 0 0 91191996 21
15 1 0 0 148067944 0 0 148067944 108
15 1 0 0 19414828 0 0 19414828 86
15 1 0 0 385608 0 0 385608 86
15 1 0 0 40475980 0 0 40475980 86
15 1 0 0 1569212 0 0 1569212 86
15 1 0 0 36310284 0 0 36310284 86
15 1 0 0 0 0 0 0 86
15 1 0 0 7566604 0 0 7566604 86
15 1 0 0 6345320 0 0 6345320 86
15 1 0 0 8887328 0 0 8887328 86
15 1 0 0 35405876 0 0 35405876 86
15 1 0 0 200428612 0 0 200428612 108
15 1 0 0 7028488 0 0 7028488 86
15 1 0 0 9076020 0 0 9076020 86
15 1 0 0 170243608 0 0 170243608 108
15 1 0 0 27586908 0 0 27586908 103
15 1 0 0 23253536 0 0 23253536 86
15 1 0 0 165712460 0 0 165712460 62
15 1 0 0 29417640 0 0 29417640 103
15 1 0 0 59816488 0 0 59816488 103
15 1 0 0 168702804 0 0 168702804 62
15 1 0 0 28321732 0 0 28321732 103
15 1 0 0 26197568 0 0 26197568 103
15 1 0 0 53379172 0 0 53379172 103
15 1 0 0 4733424 0 0 4733424 86
15 1 0 0 41343112 0 0 41343112 86
15 1 0 0 57662760 0 0 57662760 103
15 1 0 0 94516948 0 0 94516948 103
15 1 0 0 18708960 0 0 18708960 86
15 1 0 0 128800444 0 0 128800444 103
15 1 0 0 16375864 0 0 16375864 86
15 1 0 0 113934420 0 0 113934420 103
15 1 0 0 102383220 0 0 102383220 103
15 1 0 0 14825044 0 0 14825044 86
15 1 0 0 131960640 0 0 131960640 103
15 1 0 0 126579020 0 0 126579020 103
15 1 0 0 64259420 0 0 64259420 87
15 1 0 0 76209196 0 0 76209196 26
15 1 0 0 87891500 0 0 87891500 87
15 1 0 0 92860312 0 0 92860312 87
15 1 0 0 100881040 0 0 100881040 87
15 1 0 0 86522304 0 0 86522304 26
15 1 0 0 77487828 0 0 77487828 111
15 1 0 0 59332068 0 0 59332068 87
15 1 0 0 41977020 0 0 41977020 26
15 1 0 0 54871224 0 0 54871224 26
15 1 0 0 67202436 0 0 67202436 26
15 1 0 0 63215524 0 0 63215524 87
15 1 0 0 43291204 0 0 43291204 87
15 1 0 0 68406552 0 0 68406552 87
15 1 0 0 57715196 0 0 57715196 26
15 1 0 0 56449792 0 0 56449792 26
15 1 0 0 42316736 0 0 42316736 87
15 1 0 0 90013664 0 0 90013664 111
15 1 0 0 43918044 0 0 43918044 87
15 1 0 0 68267636 0 0 68267636 111
15 1 0 0 67934808 0 0 67934808 87
15 1 0 0 71761160 0 0 71761160 26
15 1 0 0 50260588 0 0 50260588 87
15 1 0 0 65369820 0 0 65369820 26
15 1 0 0 56841616 0 0 56841616 87
15 1 0 0 86069616 0 0 86069616 26
15 1 0 0 85735552 0 0 85735552 26
15 1 0 0 81196512 0 0 81196512 26
15 1 0 0 51507108 0 0 51507108 69
15 1 0 0 69711580 0 0 69711580 69
15 1 0 0 128720424 0 0 128720424 69
15 1 0 0 52635068 0 0 52635068 69
15 1 0 0 51875528 0 0 51875528 69
15 1 0 0 84175140 0 0 84175140 69
15 1 0 0 9369308 0 0 9369308 60
15 1 0 0 97069344 0 0 97069344 69
15 1 0 0 109400556 0 0 109400556 69
15 1 0 0 25237312 0 0 25237312 60
15 1 0 0 36071996 0 0 36071996 60
15 1 0 0 31386228 0 0 31386228 60
15 1 0 0 86796792 0 0 86796792 60
15 1 0 0 83102412 0 0 83102412 60
15 1 0 0 21289072 0 0 21289072 60
15 1 0 0 42033372 0 0 42033372 60
15 1 0 0 113959280 0 0 113959280 69
15 1 0 0 39012308 0 0 39012308 60
15 1 0 0 107567940 0 0 107567940 69
15 1 0 0 55331824 0 0 55331824 60
15 1 0 0 128267736 0 0 128267736 69
15 1 0 0 52994344 0 0 52994344 60
15 1 0 0 101218236 0 0 101218236 31
15 1 0 0 43303656 0 0 43303656 60
15 1 0 0 20428464 0 0 20428464 60
15 1 0 0 33945056 0 0 33945056 33
15 1 0 0 120934324 0 0 120934324 60
15 1 0 0 63326912 0 0 63326912 33
15 1 0 0 40890516 0 0 40890516 60
15 1 0 0 64787284 0 0 64787284 33
15 1 0 0 79164420 0 0 79164420 60
15 1 0 0 53253140 0 0 53253140 33
15 1 0 0 84943708 0 0 84943708 33
15 1 0 0 48062856 0 0 48062856 60
15 1 0 0 63930860 0 0 63930860 60
15 1 0 0 31386228 0 0 31386228 39
15 1 0 0 64370976 0 0 64370976 33
15 1 0 0 80726920 0 0 80726920 60
15 1 0 0 10262780 0 0 10262780 39
15 1 0 0 57708992 0 0 57708992 33
15 1 0 0 35668196 0 0 35668196 39
15 1 0 0 39167496 0 0 39167496 74
15 1 0 0 70186540 0 0 70186540 33
15 1 0 0 42108100 0 0 42108100 39
15 1 0 0 51925764 0 0 51925764 74
15 1 0 0 65186112 0 0 65186112 39
15 1 0 0 89359140 0 0 89359140 60
15 1 0 0 54332012 0 0 54332012 39
15 1 0 0 50840864 0 0 50840864 74
15 1 0 0 40699836 0 0 40699836 82
15 1 0 0 60772204 0 0 60772204 74
15 1 0 0 95704792 0 0 95704792 33
15 1 0 0 51173128 0 0 51173128 39
15 1 0 0 98018288 0 0 98018288 60
15 1 0 0 87393792 0 0 87393792 39
15 1 0 0 63931344 0 0 63931344 33
15 1 0 0 43283208 0 0 43283208 111
15 1 0 0 7448740 0 0 7448740 111
15 1 0 0 68118796 0 0 68118796 60
15 1 0 0 15899344 0 0 15899344 111
15 1 0 0 102777396 0 0 102777396 33
15 1 0 0 42131668 0 0 42131668 111
15 1 0 0 118934976 0 0 118934976 33
15 1 0 0 24871752 0 0 24871752 111
15 1 0 0 10909032 0 0 10909032 111
15 1 0 0 131389244 0 0 131389244 33
15 1 0 0 21706632 0 0 21706632 111
15 1 0 0 37183220 0 0 37183220 111
15 1 0 0 9081892 0 0 9081892 111
15 1 0 0 39294024 0 0 39294024 21
15 1 0 0 69580240 0 0 69580240 21
15 1 0 0 59726656 0 0 59726656 21
15 1 0 0 51846208 0 0 51846208 21
15 1 0 0 38552408 0 0 38552408 69
15 1 0 0 52294596 0 0 52294596 69
15 1 0 0 62025972 0 0 62025972 60
15 1 0 0 57890200 0 0 57890200 69
15 1 0 0 29960116 0 0 29960116 69
15 1 0 0 32519176 0 0 32519176 69
15 1 0 0 32078360 0 0 32078360 69
15 1 0 0 37440908 0 0 37440908 60
15 1 0 0 26199380 0 0 26199380 103
15 1 0 0 43088796 0 0 43088796 60
15 1 0 0 68643520 0 0 68643520 28
15 1 0 0 47243600 0 0 47243600 60
15 1 0 0 17800852 0 0 17800852 101
15 1 0 0 8595508 0 0 8595508 101
15 1 0 0 68688088 0 0 68688088 103
15 1 0 0 44058456 0 0 44058456 28
15 1 0 0 49706344 0 0 49706344 28
15 1 0 0 128300860 0 0 128300860 23
15 1 0 0 32131280 0 0 32131280 101
15 1 0 0 14677228 0 0 14677228 28
15 1 0 0 59276924 0 0 59276924 60
15 1 0 0 16058728 0 0 16058728 28
15 1 0 0 135105972 0 0 135105972 23
15 1 0 0 34533740 0 0 34533740 28
15 1 0 0 15049620 0 0 15049620 28
15 1 0 0 14576544 0 0 14576544 28
15 1 0 0 60704036 0 0 60704036 60
15 1 0 0 38413756 0 0 38413756 28
15 1 0 0 13184416 0 0 13184416 28
15 1 0 0 33889160 0 0 33889160 101
15 1 0 0 53861148 0 0 53861148 28
15 1 0 0 78542820 0 0 78542820 60
15 1 0 0 42789748 0 0 42789748 101
15 1 0 0 72002616 0 0 72002616 60
15 1 0 0 65894472 0 0 65894472 28
15 1 0 0 34761212 0 0 34761212 103
15 1 0 0 141851536 0 0 141851536 26
15 1 0 0 67321584 0 0 67321584 28
15 1 0 0 67496584 0 0 67496584 69
15 1 0 0 138705232 0 0 138705232 26
15 1 0 0 108048204 0 0 108048204 69
15 1 0 0 30247984 0 0 30247984 103
15 1 0 0 122096004 0 0 122096004 26
15 1 0 0 109740724 0 0 109740724 69
15 1 0 0 33222056 0 0 33222056 26
15 1 0 0 85160368 0 0 85160368 28
15 1 0 0 112398204 0 0 112398204 26
15 1 0 0 78620164 0 0 78620164 28
15 1 0 0 52897396 0 0 52897396 103
15 1 0 0 42584208 0 0 42584208 26
15 1 0 0 37692424 0 0 37692424 26
15 1 0 0 9619788 0 0 9619788 105
15 1 0 0 118949216 0 0 118949216 26
15 1 0 0 37980712 0 0 37980712 105
15 1 0 0 53112996 0 0 53112996 105
15 1 0 0 108458976 0 0 108458976 26
15 1 0 0 122799284 0 0 122799284 26
15 1 0 0 73996000 0 0 73996000 26
15 1 0 0 70833112 0 0 70833112 105
15 1 0 0 111065964 0 0 111065964 26
15 1 0 0 87769060 0 0 87769060 105
15 1 0 0 77390404 0 0 77390404 105
15 1 0 0 76695492 0 0 76695492 105
15 1 0 0 56048504 0 0 56048504 105
15 1 0 0 61143088 0 0 61143088 50
15 1 0 0 83271240 0 0 83271240 100
15 1 0 0 69683504 0 0 69683504 50
15 1 0 0 40089184 0 0 40089184 50
15 1 0 0 50219036 0 0 50219036 50
15 1 0 0 66310056 0 0 66310056 50
15 1 0 0 73216436 0 0 73216436 105
15 1 0 0 104598912 0 0 104598912 50
15 1 0 0 78818920 0 0 78818920 50
15 1 0 0 94562892 0 0 94562892 105
15 1 0 0 57734268 0 0 57734268 50
15 1 0 0 79538224 0 0 79538224 50
15 1 0 0 64628232 0 0 64628232 105
15 1 0 0 67448440 0 0 67448440 105
15 1 0 0 82410256 0 0 82410256 105
15 1 0 0 65320824 0 0 65320824 50
15 1 0 0 79850356 0 0 79850356 50
15 1 0 0 114939448 0 0 114939448 84
15 1 0 0 109554216 0 0 109554216 50
15 1 0 0 118547476 0 0 118547476 50
15 1 0 0 99602772 0 0 99602772 50
15 1 0 0 114437084 0 0 114437084 105
15 1 0 0 90616288 0 0 90616288 84
15 1 0 0 104607460 0 0 104607460 84
15 1 0 0 37611204 0 0 37611204 84
15 1 0 0 99281512 0 0 99281512 105
15 1 0 0 65583160 0 0 65583160 84
15 1 0 0 42635672 0 0 42635672 84
15 1 0 0 118647188 0 0 118647188 105
15 1 0 0 82796992 0 0 82796992 84
15 1 0 0 60958532 0 0 60958532 84
15 1 0 0 71902468 0 0 71902468 84
15 1 0 0 166023188 0 0 166023188 39
15 1 0 0 81041944 0 0 81041944 84
15 1 0 0 45453284 0 0 45453284 106
15 1 0 0 114015084 0 0 114015084 39
15 1 0 0 127572532 0 0 127572532 39
15 1 0 0 77477808 0 0 77477808 39
15 1 0 0 67006404 0 0 67006404 84
15 1 0 0 91790396 0 0 91790396 39
15 1 0 0 99012536 0 0 99012536 39
15 1 0 0 46379532 0 0 46379532 106
15 1 0 0 63340368 0 0 63340368 84
15 1 0 0 52452364 0 0 52452364 106
15 1 0 0 90706060 0 0 90706060 39
15 1 0 0 62008024 0 0 62008024 106
15 1 0 0 29095240 0 0 29095240 96
15 1 0 0 34295604 0 0 34295604 106
15 1 0 0 118900568 0 0 118900568 39
15 1 0 0 199842108 0 0 199842108 39
15 1 0 0 35072168 0 0 35072168 96
15 1 0 0 89979980 0 0 89979980 106
15 1 0 0 105749232 0 0 105749232 39
15 1 0 0 67032492 0 0 67032492 106
15 1 0 0 48037860 0 0 48037860 96
15 1 0 0 95415952 0 0 95415952 39
15 1 0 0 65842308 0 0 65842308 96
15 1 0 0 107193812 0 0 107193812 106
15 1 0 0 85355352 0 0 85355352 106
15 1 0 0 33292528 0 0 33292528 96
15 1 0 0 96299288 0 0 96299288 106
15 1 0 0 105438764 0 0 105438764 106
15 1 0 0 119020536 0 0 119020536 39
15 1 0 0 91403224 0 0 91403224 106
15 1 0 0 140150012 0 0 140150012 39
15 1 0 0 46454932 0 0 46454932 21
15 1 0 0 41421432 0 0 41421432 21
15 1 0 0 87737188 0 0 87737188 106
15 1 0 0 166312560 0 0 166312560 39
15 1 0 0 39517688 0 0 39517688 21
15 1 0 0 52197672 0 0 52197672 96
15 1 0 0 101660552 0 0 101660552 111
15 1 0 0 88092772 0 0 88092772 111
15 1 0 0 74334588 0 0 74334588 111
15 1 0 0 74062692 0 0 74062692 96
15 1 0 0 39182172 0 0 39182172 96
15 1 0 0 103328684 0 0 103328684 36
15 1 0 0 76362936 0 0 76362936 36
15 1 0 0 70968836 0 0 70968836 96
15 1 0 0 101956980 0 0 101956980 36
