15 1 0 0 31944816 0 0 31944816 69
15 1 0 0 32240600 0 0 32240600 69
15 1 0 0 17072988 0 0 17072988 108
15 1 0 0 1156836 0 0 1156836 69
15 1 0 0 13290928 0 0 13290928 69
15 1 0 0 31944808 0 0 31944808 108
15 1 0 0 27529304 0 0 27529304 69
15 1 0 0 30751976 0 0 30751976 69
15 1 0 0 24500276 0 0 24500276 69
15 1 0 0 42761424 0 0 42761424 21
15 1 0 0 1156828 0 0 1156828 108
15 1 0 0 23483320 0 0 23483320 69
15 1 0 0 39496988 0 0 39496988 69
15 1 0 0 41352988 0 0 41352988 21
15 1 0 0 27529296 0 0 27529296 108
15 1 0 0 71487252 0 0 71487252 21
15 1 0 0 21973532 0 0 21973532 69
15 1 0 0 24500268 0 0 24500268 108
15 1 0 0 60445816 0 0 60445816 21
15 1 0 0 39496980 0 0 39496980 108
15 1 0 0 8403748 0 0 8403748 69
15 1 0 0 57840036 0 0 57840036 69
15 1 0 0 66635784 0 0 66635784 21
15 1 0 0 29019576 0 0 29019576 69
15 1 0 0 59733336 0 0 59733336 21
15 1 0 0 27385584 0 0 27385584 69
15 1 0 0 40640028 0 0 40640028 69
15 1 0 0 80473152 0 0 80473152 94
15 1 0 0 8403740 0 0 8403740 108
15 1 0 0 39150992 0 0 39150992 69
15 1 0 0 28213612 0 0 28213612 69
15 1 0 0 29019568 0 0 29019568 108
15 1 0 0 51279676 0 0 51279676 69
15 1 0 0 71554776 0 0 71554776 69
15 1 0 0 27864408 0 0 27864408 69
15 1 0 0 63086392 0 0 63086392 69
15 1 0 0 39150984 0 0 39150984 108
15 1 0 0 79391200 0 0 79391200 69
15 1 0 0 46523400 0 0 46523400 69
15 1 0 0 51279668 0 0 51279668 108
15 1 0 0 66884464 0 0 66884464 69
15 1 0 0 63086384 0 0 63086384 108
15 1 0 0 71218140 0 0 71218140 21
15 1 0 0 83085640 0 0 83085640 69
15 1 0 0 79391192 0 0 79391192 108
15 1 0 0 85244684 0 0 85244684 21
15 1 0 0 66884456 0 0 66884456 108
15 1 0 0 109302268 0 0 109302268 69
15 1 0 0 83085632 0 0 83085632 108
15 1 0 0 40843968 0 0 40843968 22
15 1 0 0 54021036 0 0 54021036 22
15 1 0 0 57166980 0 0 57166980 21
15 1 0 0 83337032 0 0 83337032 22
15 1 0 0 77240576 0 0 77240576 22
15 1 0 0 77948016 0 0 77948016 21
15 1 0 0 54304904 0 0 54304904 22
15 1 0 0 86954580 0 0 86954580 47
15 1 0 0 28744460 0 0 28744460 47
15 1 0 0 76704532 0 0 76704532 22
15 1 0 0 5007072 0 0 5007072 50
15 1 0 0 76167204 0 0 76167204 21
15 1 0 0 33883044 0 0 33883044 50
15 1 0 0 31090172 0 0 31090172 95
15 1 0 0 47029588 0 0 47029588 47
15 1 0 0 41383540 0 0 41383540 34
15 1 0 0 18986884 0 0 18986884 95
15 1 0 0 32453372 0 0 32453372 95
15 1 0 0 27548184 0 0 27548184 34
15 1 0 0 105893996 0 0 105893996 21
15 1 0 0 60789064 0 0 60789064 50
15 1 0 0 78520048 0 0 78520048 22
15 1 0 0 48525052 0 0 48525052 47
15 1 0 0 46953708 0 0 46953708 50
15 1 0 0 86430784 0 0 86430784 22
15 1 0 0 86641212 0 0 86641212 21
15 1 0 0 35996268 0 0 35996268 34
15 1 0 0 99388780 0 0 99388780 22
15 1 0 0 107954740 0 0 107954740 22
15 1 0 0 33856140 0 0 33856140 34
15 1 0 0 95792732 0 0 95792732 22
15 1 0 0 55401792 0 0 55401792 50
15 1 0 0 85486956 0 0 85486956 32
15 1 0 0 72398660 0 0 72398660 34
15 1 0 0 53261664 0 0 53261664 50
15 1 0 0 17279516 0 0 17279516 32
15 1 0 0 28340468 0 0 28340468 32
15 1 0 0 117072384 0 0 117072384 22
15 1 0 0 52756040 0 0 52756040 32
15 1 0 0 91804184 0 0 91804184 50
15 1 0 0 99104204 0 0 99104204 22
15 1 0 0 6528212 0 0 6528212 22
15 1 0 0 53101576 0 0 53101576 32
15 1 0 0 103121820 0 0 103121820 22
15 1 0 0 20970940 0 0 20970940 32
15 1 0 0 70592860 0 0 70592860 32
15 1 0 0 26044064 0 0 26044064 22
15 1 0 0 90812068 0 0 90812068 32
15 1 0 0 31740548 0 0 31740548 22
15 1 0 0 73383668 0 0 73383668 32
15 1 0 0 24312192 0 0 24312192 22
15 1 0 0 86850156 0 0 86850156 32
15 1 0 0 16596080 0 0 16596080 47
15 1 0 0 22672696 0 0 22672696 47
15 1 0 0 13507668 0 0 13507668 47
15 1 0 0 5327828 0 0 5327828 47
15 1 0 0 71868336 0 0 71868336 34
15 1 0 0 23979968 0 0 23979968 47
15 1 0 0 4815720 0 0 4815720 22
15 1 0 0 91273860 0 0 91273860 50
15 1 0 0 105868368 0 0 105868368 34
15 1 0 0 125273892 0 0 125273892 50
15 1 0 0 87783044 0 0 87783044 34
15 1 0 0 107188568 0 0 107188568 50
15 1 0 0 72708764 0 0 72708764 34
15 1 0 0 81133160 0 0 81133160 34
15 1 0 0 92114288 0 0 92114288 50
15 1 0 0 100538684 0 0 100538684 50
15 1 0 0 88557076 0 0 88557076 34
15 1 0 0 107962600 0 0 107962600 50
15 1 0 0 108714656 0 0 108714656 34
15 1 0 0 121357580 0 0 121357580 34
15 1 0 0 128120180 0 0 128120180 50
15 1 0 0 100627208 0 0 100627208 34
15 1 0 0 140763104 0 0 140763104 50
15 1 0 0 364076 0 0 364076 72
15 1 0 0 11299240 0 0 11299240 72
15 1 0 0 75722240 0 0 75722240 22
15 1 0 0 139805948 0 0 139805948 72
15 1 0 0 36934504 0 0 36934504 22
15 1 0 0 141705784 0 0 141705784 72
15 1 0 0 9437208 0 0 9437208 22
15 1 0 0 4103244 0 0 4103244 22
15 1 0 0 49912000 0 0 49912000 22
15 1 0 0 89187932 0 0 89187932 22
15 1 0 0 70911540 0 0 70911540 22
15 1 0 0 39267952 0 0 39267952 72
15 1 0 0 88202576 0 0 88202576 22
15 1 0 0 83435156 0 0 83435156 22
15 1 0 0 155488732 0 0 155488732 72
15 1 0 0 47673736 0 0 47673736 72
15 1 0 0 54857676 0 0 54857676 72
15 1 0 0 72267372 0 0 72267372 72
15 1 0 0 37038748 0 0 37038748 72
15 1 0 0 49613800 0 0 49613800 72
15 1 0 0 69809316 0 0 69809316 72
15 1 0 0 125567260 0 0 125567260 72
15 1 0 0 44561444 0 0 44561444 39
15 1 0 0 38889456 0 0 38889456 39
15 1 0 0 84675588 0 0 84675588 72
15 1 0 0 38889452 0 0 38889452 23
15 1 0 0 74446376 0 0 74446376 72
15 1 0 0 120717616 0 0 120717616 72
15 1 0 0 29083968 0 0 29083968 36
15 1 0 0 68030008 0 0 68030008 72
15 1 0 0 131652780 0 0 131652780 72
15 1 0 0 41462236 0 0 41462236 36
15 1 0 0 159621492 0 0 159621492 72
15 1 0 0 18649012 0 0 18649012 36
15 1 0 0 45986548 0 0 45986548 36
15 1 0 0 19773696 0 0 19773696 36
15 1 0 0 32157352 0 0 32157352 36
15 1 0 0 16109660 0 0 16109660 101
15 1 0 0 91736124 0 0 91736124 31
15 1 0 0 21383596 0 0 21383596 36
15 1 0 0 80578000 0 0 80578000 31
15 1 0 0 41498012 0 0 41498012 101
15 1 0 0 52403816 0 0 52403816 31
15 1 0 0 56760784 0 0 56760784 36
15 1 0 0 78699044 0 0 78699044 31
15 1 0 0 35113504 0 0 35113504 36
15 1 0 0 61683548 0 0 61683548 36
15 1 0 0 81295376 0 0 81295376 31
15 1 0 0 29473996 0 0 29473996 101
15 1 0 0 46983172 0 0 46983172 101
15 1 0 0 57281640 0 0 57281640 31
15 1 0 0 90069140 0 0 90069140 31
15 1 0 0 48863188 0 0 48863188 101
15 1 0 0 95282424 0 0 95282424 31
15 1 0 0 33977872 0 0 33977872 101
15 1 0 0 114694872 0 0 114694872 31
15 1 0 0 81646328 0 0 81646328 31
15 1 0 0 88821660 0 0 88821660 31
15 1 0 0 53815076 0 0 53815076 101
15 1 0 0 109020 0 0 109020 27
15 1 0 0 14417924 0 0 14417924 27
15 1 0 0 39135084 0 0 39135084 27
15 1 0 0 81682128 0 0 81682128 101
15 1 0 0 82591048 0 0 82591048 101
15 1 0 0 62774912 0 0 62774912 94
15 1 0 0 89350000 0 0 89350000 101
15 1 0 0 70552784 0 0 70552784 94
15 1 0 0 126244956 0 0 126244956 101
15 1 0 0 92547876 0 0 92547876 94
15 1 0 0 86149444 0 0 86149444 94
15 1 0 0 118532084 0 0 118532084 101
15 1 0 0 122487396 0 0 122487396 101
15 1 0 0 88936800 0 0 88936800 94
15 1 0 0 140518652 0 0 140518652 101
15 1 0 0 18975504 0 0 18975504 63
15 1 0 0 32822424 0 0 32822424 63
15 1 0 0 9825176 0 0 9825176 75
15 1 0 0 32791064 0 0 32791064 63
15 1 0 0 41508924 0 0 41508924 75
15 1 0 0 33570328 0 0 33570328 63
15 1 0 0 35064944 0 0 35064944 75
15 1 0 0 29592172 0 0 29592172 75
15 1 0 0 29302328 0 0 29302328 63
15 1 0 0 60986076 0 0 60986076 63
15 1 0 0 69961640 0 0 69961640 75
15 1 0 0 30444176 0 0 30444176 103
15 1 0 0 36331148 0 0 36331148 103
15 1 0 0 54542096 0 0 54542096 63
15 1 0 0 49069324 0 0 49069324 63
15 1 0 0 40762252 0 0 40762252 85
15 1 0 0 71054596 0 0 71054596 75
15 1 0 0 89438792 0 0 89438792 63
15 1 0 0 57790332 0 0 57790332 85
15 1 0 0 57997620 0 0 57997620 103
15 1 0 0 74373500 0 0 74373500 85
15 1 0 0 63531620 0 0 63531620 85
15 1 0 0 61389476 0 0 61389476 75
15 1 0 0 40325500 0 0 40325500 85
15 1 0 0 90531748 0 0 90531748 63
15 1 0 0 47004104 0 0 47004104 85
15 1 0 0 83140096 0 0 83140096 75
15 1 0 0 50692316 0 0 50692316 31
15 1 0 0 85926136 0 0 85926136 109
15 1 0 0 47545668 0 0 47545668 31
15 1 0 0 102954216 0 0 102954216 109
15 1 0 0 68930644 0 0 68930644 75
15 1 0 0 85788164 0 0 85788164 61
15 1 0 0 87687768 0 0 87687768 71
15 1 0 0 18467632 0 0 18467632 61
15 1 0 0 80866628 0 0 80866628 63
15 1 0 0 78068564 0 0 78068564 85
15 1 0 0 104715848 0 0 104715848 71
15 1 0 0 85556516 0 0 85556516 85
15 1 0 0 119537384 0 0 119537384 109
15 1 0 0 23515600 0 0 23515600 61
15 1 0 0 85049712 0 0 85049712 61
15 1 0 0 42819260 0 0 42819260 31
15 1 0 0 60135616 0 0 60135616 31
15 1 0 0 115812436 0 0 115812436 85
15 1 0 0 14025324 0 0 14025324 61
15 1 0 0 32977260 0 0 32977260 61
15 1 0 0 91465336 0 0 91465336 61
15 1 0 0 108695504 0 0 108695504 109
15 1 0 0 38202680 0 0 38202680 61
15 1 0 0 12852592 0 0 12852592 24
15 1 0 0 85489384 0 0 85489384 109
15 1 0 0 40096516 0 0 40096516 61
15 1 0 0 89935268 0 0 89935268 75
15 1 0 0 95822240 0 0 95822240 75
15 1 0 0 63219588 0 0 63219588 61
15 1 0 0 57243664 0 0 57243664 61
15 1 0 0 102617248 0 0 102617248 63
15 1 0 0 2183600 0 0 2183600 24
15 1 0 0 122949464 0 0 122949464 85
15 1 0 0 44562604 0 0 44562604 24
15 1 0 0 88407796 0 0 88407796 63
15 1 0 0 22765088 0 0 22765088 24
15 1 0 0 47388104 0 0 47388104 61
15 1 0 0 117488712 0 0 117488712 75
15 1 0 0 104065572 0 0 104065572 85
15 1 0 0 114462524 0 0 114462524 61
15 1 0 0 120202464 0 0 120202464 85
15 1 0 0 22675224 0 0 22675224 24
15 1 0 0 127320932 0 0 127320932 61
15 1 0 0 49435436 0 0 49435436 24
15 1 0 0 15635532 0 0 15635532 24
15 1 0 0 27323300 0 0 27323300 24
15 1 0 0 11418596 0 0 11418596 24
15 1 0 0 82416360 0 0 82416360 24
15 1 0 0 35361540 0 0 35361540 24
15 1 0 0 14689756 0 0 14689756 24
15 1 0 0 14310688 0 0 14310688 24
15 1 0 0 5530912 0 0 5530912 24
15 1 0 0 51995408 0 0 51995408 24
15 1 0 0 12116784 0 0 12116784 24
15 1 0 0 32845872 0 0 32845872 101
15 1 0 0 32210856 0 0 32210856 24
15 1 0 0 31938052 0 0 31938052 101
15 1 0 0 66419084 0 0 66419084 24
15 1 0 0 15052948 0 0 15052948 101
15 1 0 0 143272124 0 0 143272124 85
15 1 0 0 42034544 0 0 42034544 101
15 1 0 0 37061648 0 0 37061648 101
15 1 0 0 68070320 0 0 68070320 24
15 1 0 0 23406804 0 0 23406804 24
15 1 0 0 25716316 0 0 25716316 101
15 1 0 0 37404084 0 0 37404084 101
15 1 0 0 21499380 0 0 21499380 101
15 1 0 0 45442324 0 0 45442324 101
15 1 0 0 139060056 0 0 139060056 85
15 1 0 0 24770540 0 0 24770540 101
15 1 0 0 24391472 0 0 24391472 101
15 1 0 0 15611696 0 0 15611696 101
15 1 0 0 86262508 0 0 86262508 24
15 1 0 0 22197568 0 0 22197568 101
15 1 0 0 42291640 0 0 42291640 101
15 1 0 0 106990028 0 0 106990028 24
15 1 0 0 33487588 0 0 33487588 101
15 1 0 0 132651700 0 0 132651700 24
15 1 0 0 22169872 0 0 22169872 93
15 1 0 0 22872416 0 0 22872416 93
15 1 0 0 12890348 0 0 12890348 93
15 1 0 0 10084036 0 0 10084036 93
15 1 0 0 36906724 0 0 36906724 93
15 1 0 0 127041472 0 0 127041472 21
15 1 0 0 39369512 0 0 39369512 21
15 1 0 0 63424676 0 0 63424676 21
15 1 0 0 68996692 0 0 68996692 21
15 1 0 0 38912656 0 0 38912656 109
15 1 0 0 88717688 0 0 88717688 21
15 1 0 0 69959656 0 0 69959656 29
15 1 0 0 126302356 0 0 126302356 21
15 1 0 0 44583556 0 0 44583556 109
15 1 0 0 94014820 0 0 94014820 29
15 1 0 0 17318488 0 0 17318488 109
15 1 0 0 81212568 0 0 81212568 21
15 1 0 0 99586836 0 0 99586836 29
15 1 0 0 90096204 0 0 90096204 21
15 1 0 0 14126608 0 0 14126608 47
15 1 0 0 83249528 0 0 83249528 21
15 1 0 0 119307832 0 0 119307832 29
15 1 0 0 136226900 0 0 136226900 21
15 1 0 0 67648388 0 0 67648388 21
15 1 0 0 69866776 0 0 69866776 23
15 1 0 0 37785020 0 0 37785020 47
15 1 0 0 69293540 0 0 69293540 23
15 1 0 0 121430556 0 0 121430556 21
15 1 0 0 116856132 0 0 116856132 21
15 1 0 0 36063752 0 0 36063752 47
15 1 0 0 111802712 0 0 111802712 29
15 1 0 0 144328920 0 0 144328920 21
15 1 0 0 33332308 0 0 33332308 47
15 1 0 0 94246280 0 0 94246280 23
15 1 0 0 120686348 0 0 120686348 29
15 1 0 0 113839672 0 0 113839672 29
15 1 0 0 24853092 0 0 24853092 47
15 1 0 0 63783552 0 0 63783552 23
15 1 0 0 166817044 0 0 166817044 29
15 1 0 0 98238532 0 0 98238532 29
15 1 0 0 40559848 0 0 40559848 96
15 1 0 0 152020700 0 0 152020700 29
15 1 0 0 19724836 0 0 19724836 47
15 1 0 0 69666808 0 0 69666808 96
15 1 0 0 97662380 0 0 97662380 23
15 1 0 0 147446276 0 0 147446276 29
15 1 0 0 15645676 0 0 15645676 99
15 1 0 0 39167388 0 0 39167388 47
15 1 0 0 57597428 0 0 57597428 47
15 1 0 0 789004 0 0 789004 99
15 1 0 0 25414704 0 0 25414704 99
15 1 0 0 42647664 0 0 42647664 96
15 1 0 0 38172492 0 0 38172492 96
15 1 0 0 20394916 0 0 20394916 96
15 1 0 0 52242252 0 0 52242252 99
15 1 0 0 39469092 0 0 39469092 47
15 1 0 0 56747508 0 0 56747508 99
15 1 0 0 52540148 0 0 52540148 47
15 1 0 0 70232548 0 0 70232548 96
15 1 0 0 80754208 0 0 80754208 99
15 1 0 0 51426656 0 0 51426656 47
15 1 0 0 75317600 0 0 75317600 96
15 1 0 0 55655176 0 0 55655176 96
15 1 0 0 60530708 0 0 60530708 99
15 1 0 0 80091264 0 0 80091264 99
15 1 0 0 86225640 0 0 86225640 99
15 1 0 0 61725328 0 0 61725328 99
15 1 0 0 64572324 0 0 64572324 99
15 1 0 0 43436096 0 0 43436096 108
15 1 0 0 87266928 0 0 87266928 99
15 1 0 0 56988324 0 0 56988324 108
15 1 0 0 103993228 0 0 103993228 99
15 1 0 0 71895744 0 0 71895744 108
15 1 0 0 37024072 0 0 37024072 108
15 1 0 0 1216876 0 0 1216876 36
15 1 0 0 35324360 0 0 35324360 108
15 1 0 0 13673828 0 0 13673828 36
15 1 0 0 92594848 0 0 92594848 99
15 1 0 0 19233912 0 0 19233912 108
15 1 0 0 3579788 0 0 3579788 108
15 1 0 0 27151796 0 0 27151796 108
15 1 0 0 41860784 0 0 41860784 93
15 1 0 0 16163248 0 0 16163248 108
15 1 0 0 31588156 0 0 31588156 108
15 1 0 0 46845936 0 0 46845936 108
15 1 0 0 50570768 0 0 50570768 108
15 1 0 0 24815220 0 0 24815220 93
15 1 0 0 68978036 0 0 68978036 108
15 1 0 0 66369520 0 0 66369520 108
15 1 0 0 24158644 0 0 24158644 93
15 1 0 0 62595376 0 0 62595376 108
15 1 0 0 60958584 0 0 60958584 34
15 1 0 0 15422764 0 0 15422764 31
15 1 0 0 66971112 0 0 66971112 34
15 1 0 0 58501836 0 0 58501836 34
15 1 0 0 37483108 0 0 37483108 31
15 1 0 0 82503892 0 0 82503892 34
15 1 0 0 75861300 0 0 75861300 34
15 1 0 0 104879904 0 0 104879904 84
15 1 0 0 8364616 0 0 8364616 34
15 1 0 0 88789456 0 0 88789456 84
15 1 0 0 64107956 0 0 64107956 34
15 1 0 0 9182144 0 0 9182144 34
15 1 0 0 53605488 0 0 53605488 34
15 1 0 0 67833916 0 0 67833916 34
15 1 0 0 46046604 0 0 46046604 34
15 1 0 0 73135332 0 0 73135332 84
15 1 0 0 90586520 0 0 90586520 34
15 1 0 0 41107228 0 0 41107228 34
15 1 0 0 103659640 0 0 103659640 109
15 1 0 0 10910732 0 0 10910732 69
15 1 0 0 4321812 0 0 4321812 39
15 1 0 0 4321808 0 0 4321808 69
15 1 0 0 31426188 0 0 31426188 39
15 1 0 0 108707964 0 0 108707964 108
15 1 0 0 31426184 0 0 31426184 69
15 1 0 0 106976456 0 0 106976456 108
15 1 0 0 33241588 0 0 33241588 39
15 1 0 0 101138244 0 0 101138244 108
15 1 0 0 33241584 0 0 33241584 69
15 1 0 0 43376204 0 0 43376204 39
15 1 0 0 43376200 0 0 43376200 69
15 1 0 0 42272512 0 0 42272512 39
15 1 0 0 42272508 0 0 42272508 69
15 1 0 0 35704768 0 0 35704768 39
15 1 0 0 35704764 0 0 35704764 69
15 1 0 0 55798368 0 0 55798368 39
15 1 0 0 94549320 0 0 94549320 108
15 1 0 0 55798364 0 0 55798364 69
15 1 0 0 68045136 0 0 68045136 39
15 1 0 0 121653696 0 0 121653696 108
15 1 0 0 58487892 0 0 58487892 39
15 1 0 0 68045132 0 0 68045132 69
15 1 0 0 58487888 0 0 58487888 69
15 1 0 0 80731444 0 0 80731444 103
15 1 0 0 93171176 0 0 93171176 39
15 1 0 0 93171172 0 0 93171172 69
15 1 0 0 82438292 0 0 82438292 39
15 1 0 0 82438288 0 0 82438288 69
15 1 0 0 64104588 0 0 64104588 47
15 1 0 0 63759912 0 0 63759912 39
15 1 0 0 63759908 0 0 63759908 69
15 1 0 0 13906620 0 0 13906620 111
15 1 0 0 82078376 0 0 82078376 39
15 1 0 0 82078372 0 0 82078372 69
15 1 0 0 110520716 0 0 110520716 47
15 1 0 0 26898536 0 0 26898536 111
15 1 0 0 76764288 0 0 76764288 47
15 1 0 0 108060196 0 0 108060196 47
15 1 0 0 30718000 0 0 30718000 103
15 1 0 0 44249864 0 0 44249864 103
15 1 0 0 68676180 0 0 68676180 47
15 1 0 0 47460244 0 0 47460244 103
15 1 0 0 58030644 0 0 58030644 103
15 1 0 0 18112628 0 0 18112628 111
15 1 0 0 92539220 0 0 92539220 103
15 1 0 0 73491300 0 0 73491300 103
15 1 0 0 20218228 0 0 20218228 111
15 1 0 0 68836432 0 0 68836432 103
15 1 0 0 85048176 0 0 85048176 103
15 1 0 0 9722648 0 0 9722648 70
15 1 0 0 51088416 0 0 51088416 111
15 1 0 0 32798628 0 0 32798628 70
15 1 0 0 28799540 0 0 28799540 70
15 1 0 0 39077140 0 0 39077140 70
15 1 0 0 22998124 0 0 22998124 111
15 1 0 0 54998000 0 0 54998000 111
15 1 0 0 60651684 0 0 60651684 70
15 1 0 0 48982276 0 0 48982276 31
15 1 0 0 51919264 0 0 51919264 70
15 1 0 0 55197840 0 0 55197840 31
15 1 0 0 64485008 0 0 64485008 70
15 1 0 0 66270432 0 0 66270432 31
15 1 0 0 57630732 0 0 57630732 111
15 1 0 0 51696636 0 0 51696636 31
15 1 0 0 67561556 0 0 67561556 70
15 1 0 0 64193932 0 0 64193932 111
15 1 0 0 79489012 0 0 79489012 31
15 1 0 0 97533352 0 0 97533352 70
15 1 0 0 26879800 0 0 26879800 79
15 1 0 0 71213976 0 0 71213976 111
15 1 0 0 103746568 0 0 103746568 70
15 1 0 0 4995928 0 0 4995928 79
15 1 0 0 67124056 0 0 67124056 31
15 1 0 0 55175676 0 0 55175676 31
15 1 0 0 83757076 0 0 83757076 60
15 1 0 0 10629416 0 0 10629416 79
15 1 0 0 50228068 0 0 50228068 60
15 1 0 0 18334844 0 0 18334844 60
15 1 0 0 26578548 0 0 26578548 60
15 1 0 0 2251960 0 0 2251960 60
15 1 0 0 72237488 0 0 72237488 60
15 1 0 0 41567352 0 0 41567352 60
15 1 0 0 3482120 0 0 3482120 60
15 1 0 0 54191936 0 0 54191936 60
15 1 0 0 52715152 0 0 52715152 60
15 1 0 0 111311488 0 0 111311488 70
15 1 0 0 111866316 0 0 111866316 70
15 1 0 0 26886328 0 0 26886328 79
15 1 0 0 46517260 0 0 46517260 79
15 1 0 0 16599308 0 0 16599308 33
15 1 0 0 1219192 0 0 1219192 33
15 1 0 0 15517252 0 0 15517252 79
15 1 0 0 34454004 0 0 34454004 33
15 1 0 0 41116316 0 0 41116316 79
15 1 0 0 60944468 0 0 60944468 79
15 1 0 0 63192336 0 0 63192336 79
15 1 0 0 12887960 0 0 12887960 33
15 1 0 0 31856344 0 0 31856344 33
15 1 0 0 37573620 0 0 37573620 79
15 1 0 0 45816640 0 0 45816640 33
15 1 0 0 84017728 0 0 84017728 33
15 1 0 0 66883416 0 0 66883416 79
15 1 0 0 81727324 0 0 81727324 33
15 1 0 0 104601524 0 0 104601524 33
15 1 0 0 80833180 0 0 80833180 33
15 1 0 0 36635544 0 0 36635544 111
15 1 0 0 11348812 0 0 11348812 111
15 1 0 0 3748832 0 0 3748832 111
15 1 0 0 1371380 0 0 1371380 111
15 1 0 0 26827564 0 0 26827564 111
15 1 0 0 13189616 0 0 13189616 111
15 1 0 0 40880364 0 0 40880364 111
15 1 0 0 14924956 0 0 14924956 26
15 1 0 0 20677652 0 0 20677652 26
15 1 0 0 45075324 0 0 45075324 61
15 1 0 0 19393372 0 0 19393372 26
15 1 0 0 72869756 0 0 72869756 61
15 1 0 0 20018772 0 0 20018772 26
15 1 0 0 64662328 0 0 64662328 61
15 1 0 0 72513604 0 0 72513604 61
15 1 0 0 35029760 0 0 35029760 26
15 1 0 0 72505264 0 0 72505264 61
15 1 0 0 14707728 0 0 14707728 22
15 1 0 0 21516672 0 0 21516672 99
15 1 0 0 19162784 0 0 19162784 99
15 1 0 0 33089224 0 0 33089224 22
15 1 0 0 42945700 0 0 42945700 99
15 1 0 0 36243724 0 0 36243724 99
15 1 0 0 18682504 0 0 18682504 109
15 1 0 0 21516652 0 0 21516652 99
15 1 0 0 37967664 0 0 37967664 22
15 1 0 0 65272656 0 0 65272656 61
15 1 0 0 16679160 0 0 16679160 26
15 1 0 0 47219164 0 0 47219164 99
15 1 0 0 29295968 0 0 29295968 26
15 1 0 0 42945680 0 0 42945680 99
15 1 0 0 36243704 0 0 36243704 99
15 1 0 0 37064000 0 0 37064000 109
15 1 0 0 27691612 0 0 27691612 108
15 1 0 0 20444128 0 0 20444128 99
15 1 0 0 22264264 0 0 22264264 22
15 1 0 0 54393700 0 0 54393700 99
15 1 0 0 41942440 0 0 41942440 109
15 1 0 0 47219144 0 0 47219144 99
15 1 0 0 55273192 0 0 55273192 26
15 1 0 0 57004680 0 0 57004680 99
15 1 0 0 24079140 0 0 24079140 100
15 1 0 0 45779340 0 0 45779340 26
15 1 0 0 13321128 0 0 13321128 22
15 1 0 0 67771436 0 0 67771436 26
15 1 0 0 85486252 0 0 85486252 26
15 1 0 0 38825624 0 0 38825624 99
15 1 0 0 82852400 0 0 82852400 61
15 1 0 0 97722232 0 0 97722232 26
15 1 0 0 43704064 0 0 43704064 99
15 1 0 0 120508364 0 0 120508364 26
15 1 0 0 18918880 0 0 18918880 100
15 1 0 0 54393680 0 0 54393680 99
15 1 0 0 44918684 0 0 44918684 22
15 1 0 0 83372512 0 0 83372512 26
15 1 0 0 26239040 0 0 26239040 109
15 1 0 0 23714004 0 0 23714004 110
15 1 0 0 76035188 0 0 76035188 61
15 1 0 0 26914272 0 0 26914272 100
15 1 0 0 29984008 0 0 29984008 100
15 1 0 0 57004660 0 0 57004660 99
15 1 0 0 9391424 0 0 9391424 22
15 1 0 0 21054852 0 0 21054852 99
15 1 0 0 17295904 0 0 17295904 109
15 1 0 0 17017976 0 0 17017976 100
15 1 0 0 14657360 0 0 14657360 110
15 1 0 0 7839624 0 0 7839624 110
15 1 0 0 38282528 0 0 38282528 22
15 1 0 0 28000664 0 0 28000664 99
15 1 0 0 9474880 0 0 9474880 96
15 1 0 0 23713984 0 0 23713984 100
15 1 0 0 29080928 0 0 29080928 110
15 1 0 0 31551680 0 0 31551680 110
15 1 0 0 26224168 0 0 26224168 108
15 1 0 0 48893460 0 0 48893460 109
15 1 0 0 31383000 0 0 31383000 110
15 1 0 0 18603600 0 0 18603600 96
15 1 0 0 76172316 0 0 76172316 51
15 1 0 0 55537236 0 0 55537236 99
15 1 0 0 53823368 0 0 53823368 108
15 1 0 0 171920 0 0 171920 110
15 1 0 0 25051692 0 0 25051692 36
15 1 0 0 14657340 0 0 14657340 100
15 1 0 0 24923300 0 0 24923300 96
15 1 0 0 43034956 0 0 43034956 110
15 1 0 0 46479112 0 0 46479112 108
15 1 0 0 24189084 0 0 24189084 36
15 1 0 0 83136436 0 0 83136436 99
15 1 0 0 45984564 0 0 45984564 108
15 1 0 0 13366200 0 0 13366200 109
15 1 0 0 14920040 0 0 14920040 36
15 1 0 0 98755880 0 0 98755880 51
15 1 0 0 47817304 0 0 47817304 108
15 1 0 0 10756100 0 0 10756100 36
15 1 0 0 27194264 0 0 27194264 96
15 1 0 0 33753864 0 0 33753864 108
15 1 0 0 22452100 0 0 22452100 22
15 1 0 0 56456312 0 0 56456312 108
15 1 0 0 55537216 0 0 55537216 99
15 1 0 0 41699248 0 0 41699248 36
15 1 0 0 31382980 0 0 31382980 100
15 1 0 0 75792180 0 0 75792180 99
15 1 0 0 22227452 0 0 22227452 22
15 1 0 0 75297632 0 0 75297632 99
15 1 0 0 42055460 0 0 42055460 110
15 1 0 0 42257304 0 0 42257304 109
15 1 0 0 17867744 0 0 17867744 36
15 1 0 0 77130372 0 0 77130372 99
15 1 0 0 83136416 0 0 83136416 99
15 1 0 0 43259576 0 0 43259576 22
15 1 0 0 26331656 0 0 26331656 96
15 1 0 0 31698668 0 0 31698668 36
15 1 0 0 13110428 0 0 13110428 22
15 1 0 0 63066932 0 0 63066932 99
15 1 0 0 85769380 0 0 85769380 99
15 1 0 0 37661452 0 0 37661452 108
15 1 0 0 17062612 0 0 17062612 96
15 1 0 0 38282508 0 0 38282508 22
15 1 0 0 50346168 0 0 50346168 79
15 1 0 0 21978796 0 0 21978796 36
15 1 0 0 12898672 0 0 12898672 96
15 1 0 0 36465476 0 0 36465476 36
15 1 0 0 75792160 0 0 75792160 99
15 1 0 0 6340800 0 0 6340800 110
15 1 0 0 16927736 0 0 16927736 36
15 1 0 0 11376900 0 0 11376900 79
15 1 0 0 31859012 0 0 31859012 79
15 1 0 0 20924388 0 0 20924388 22
15 1 0 0 75297612 0 0 75297612 99
15 1 0 0 5974620 0 0 5974620 31
15 1 0 0 44028168 0 0 44028168 110
15 1 0 0 29419092 0 0 29419092 108
15 1 0 0 26426876 0 0 26426876 109
15 1 0 0 43841820 0 0 43841820 96
15 1 0 0 66275340 0 0 66275340 79
15 1 0 0 59699052 0 0 59699052 110
15 1 0 0 20010316 0 0 20010316 96
15 1 0 0 51033268 0 0 51033268 79
15 1 0 0 3408348 0 0 3408348 31
15 1 0 0 66974520 0 0 66974520 99
15 1 0 0 33841240 0 0 33841240 96
15 1 0 0 60414752 0 0 60414752 110
15 1 0 0 16869852 0 0 16869852 31
15 1 0 0 16161016 0 0 16161016 79
15 1 0 0 98939016 0 0 98939016 110
15 1 0 0 65315540 0 0 65315540 79
15 1 0 0 54848404 0 0 54848404 79
15 1 0 0 88028216 0 0 88028216 110
15 1 0 0 74042252 0 0 74042252 110
15 1 0 0 38335200 0 0 38335200 36
15 1 0 0 46845664 0 0 46845664 79
15 1 0 0 10709768 0 0 10709768 31
15 1 0 0 58732160 0 0 58732160 99
15 1 0 0 24121368 0 0 24121368 96
15 1 0 0 81455764 0 0 81455764 110
15 1 0 0 38608048 0 0 38608048 96
15 1 0 0 22818812 0 0 22818812 36
15 1 0 0 94237548 0 0 94237548 110
15 1 0 0 1579844 0 0 1579844 36
15 1 0 0 782244 0 0 782244 36
15 1 0 0 19070308 0 0 19070308 96
15 1 0 0 51454212 0 0 51454212 36
15 1 0 0 36896128 0 0 36896128 36
15 1 0 0 12994736 0 0 12994736 31
15 1 0 0 70948472 0 0 70948472 79
15 1 0 0 7152612 0 0 7152612 36
15 1 0 0 13940316 0 0 13940316 31
15 1 0 0 86926296 0 0 86926296 36
15 1 0 0 21038368 0 0 21038368 31
15 1 0 0 82779888 0 0 82779888 79
15 1 0 0 26028152 0 0 26028152 31
15 1 0 0 49410076 0 0 49410076 36
15 1 0 0 55407116 0 0 55407116 31
15 1 0 0 9860120 0 0 9860120 111
15 1 0 0 38184040 0 0 38184040 36
15 1 0 0 49361592 0 0 49361592 31
15 1 0 0 22703632 0 0 22703632 36
15 1 0 0 43933444 0 0 43933444 111
15 1 0 0 75708696 0 0 75708696 36
15 1 0 0 77701136 0 0 77701136 36
15 1 0 0 40755736 0 0 40755736 31
15 1 0 0 10455068 0 0 10455068 111
15 1 0 0 44147828 0 0 44147828 111
15 1 0 0 63014456 0 0 63014456 31
15 1 0 0 7803004 0 0 7803004 69
15 1 0 0 45493780 0 0 45493780 111
15 1 0 0 42643260 0 0 42643260 69
15 1 0 0 47604892 0 0 47604892 69
15 1 0 0 58546184 0 0 58546184 69
15 1 0 0 45385800 0 0 45385800 69
15 1 0 0 70199416 0 0 70199416 69
15 1 0 0 87771260 0 0 87771260 69
15 1 0 0 84403464 0 0 84403464 69
15 1 0 0 110881136 0 0 110881136 69
15 1 0 0 120345700 0 0 120345700 69
15 1 0 0 118311264 0 0 118311264 69
15 1 0 0 130210832 0 0 130210832 69
15 1 0 0 150144084 0 0 150144084 69
15 1 0 0 38718500 0 0 38718500 47
15 1 0 0 21411624 0 0 21411624 47
15 1 0 0 1121520 0 0 1121520 27
15 1 0 0 9626100 0 0 9626100 27
15 1 0 0 2790080 0 0 2790080 27
15 1 0 0 42697748 0 0 42697748 27
15 1 0 0 53214192 0 0 53214192 27
15 1 0 0 3650280 0 0 3650280 47
15 1 0 0 44737324 0 0 44737324 27
15 1 0 0 43111772 0 0 43111772 27
15 1 0 0 77197596 0 0 77197596 27
15 1 0 0 71600216 0 0 71600216 27
15 1 0 0 93508440 0 0 93508440 62
15 1 0 0 4383936 0 0 4383936 34
15 1 0 0 58978096 0 0 58978096 62
15 1 0 0 63175392 0 0 63175392 62
15 1 0 0 44496244 0 0 44496244 62
15 1 0 0 33491612 0 0 33491612 69
15 1 0 0 87441184 0 0 87441184 62
15 1 0 0 104805180 0 0 104805180 62
15 1 0 0 25515868 0 0 25515868 69
15 1 0 0 92310448 0 0 92310448 62
15 1 0 0 51205252 0 0 51205252 27
15 1 0 0 25497756 0 0 25497756 69
15 1 0 0 76826620 0 0 76826620 62
15 1 0 0 45304556 0 0 45304556 69
15 1 0 0 68746544 0 0 68746544 27
15 1 0 0 48789308 0 0 48789308 69
15 1 0 0 85158588 0 0 85158588 27
15 1 0 0 75428380 0 0 75428380 27
15 1 0 0 88847504 0 0 88847504 62
15 1 0 0 49426708 0 0 49426708 69
15 1 0 0 69329128 0 0 69329128 69
15 1 0 0 76129256 0 0 76129256 69
15 1 0 0 48022008 0 0 48022008 69
15 1 0 0 58411604 0 0 58411604 69
15 1 0 0 38856756 0 0 38856756 96
15 1 0 0 57753240 0 0 57753240 96
15 1 0 0 62703356 0 0 62703356 96
15 1 0 0 62683896 0 0 62683896 51
15 1 0 0 33448616 0 0 33448616 96
15 1 0 0 71541120 0 0 71541120 69
15 1 0 0 53782464 0 0 53782464 51
15 1 0 0 45546280 0 0 45546280 96
15 1 0 0 66714080 0 0 66714080 51
15 1 0 0 84012336 0 0 84012336 51
15 1 0 0 40877692 0 0 40877692 96
15 1 0 0 44744780 0 0 44744780 51
15 1 0 0 74560916 0 0 74560916 51
15 1 0 0 44707648 0 0 44707648 96
15 1 0 0 64556420 0 0 64556420 96
15 1 0 0 75356832 0 0 75356832 51
15 1 0 0 58792840 0 0 58792840 96
15 1 0 0 39761756 0 0 39761756 96
15 1 0 0 35014880 0 0 35014880 96
15 1 0 0 68474492 0 0 68474492 23
15 1 0 0 115241128 0 0 115241128 23
15 1 0 0 103400940 0 0 103400940 23
15 1 0 0 48230380 0 0 48230380 96
15 1 0 0 84798900 0 0 84798900 51
15 1 0 0 103208736 0 0 103208736 23
15 1 0 0 108957876 0 0 108957876 23
15 1 0 0 93229676 0 0 93229676 23
15 1 0 0 109897588 0 0 109897588 23
15 1 0 0 118775128 0 0 118775128 23
15 1 0 0 50408072 0 0 50408072 47
15 1 0 0 50486076 0 0 50486076 47
15 1 0 0 29766988 0 0 29766988 47
15 1 0 0 45275772 0 0 45275772 47
15 1 0 0 37526304 0 0 37526304 47
15 1 0 0 72966516 0 0 72966516 47
15 1 0 0 58125092 0 0 58125092 47
15 1 0 0 69730076 0 0 69730076 47
15 1 0 0 5631320 0 0 5631320 98
15 1 0 0 31223732 0 0 31223732 98
15 1 0 0 18842548 0 0 18842548 98
15 1 0 0 30227348 0 0 30227348 98
15 1 0 0 20638280 0 0 20638280 98
15 1 0 0 56656888 0 0 56656888 110
15 1 0 0 11020508 0 0 11020508 110
15 1 0 0 15064888 0 0 15064888 110
15 1 0 0 17592192 0 0 17592192 98
15 1 0 0 44942320 0 0 44942320 60
15 1 0 0 40548912 0 0 40548912 110
15 1 0 0 30267140 0 0 30267140 98
15 1 0 0 58277460 0 0 58277460 60
15 1 0 0 73777172 0 0 73777172 60
15 1 0 0 54616448 0 0 54616448 110
15 1 0 0 64327100 0 0 64327100 60
15 1 0 0 97279172 0 0 97279172 60
15 1 0 0 44612192 0 0 44612192 60
15 1 0 0 33328072 0 0 33328072 98
15 1 0 0 75149200 0 0 75149200 60
15 1 0 0 43879972 0 0 43879972 101
15 1 0 0 80737804 0 0 80737804 60
15 1 0 0 47570940 0 0 47570940 98
15 1 0 0 20845416 0 0 20845416 101
15 1 0 0 51196580 0 0 51196580 110
15 1 0 0 54820000 0 0 54820000 60
15 1 0 0 43821300 0 0 43821300 110
15 1 0 0 42083672 0 0 42083672 98
15 1 0 0 43700516 0 0 43700516 101
15 1 0 0 46876912 0 0 46876912 23
15 1 0 0 59926632 0 0 59926632 98
15 1 0 0 33661596 0 0 33661596 22
15 1 0 0 25972208 0 0 25972208 84
15 1 0 0 70735864 0 0 70735864 110
15 1 0 0 34874844 0 0 34874844 23
15 1 0 0 47848204 0 0 47848204 101
15 1 0 0 28118692 0 0 28118692 23
15 1 0 0 17924144 0 0 17924144 84
15 1 0 0 17122756 0 0 17122756 23
15 1 0 0 81575968 0 0 81575968 60
15 1 0 0 6129328 0 0 6129328 101
15 1 0 0 6084632 0 0 6084632 22
15 1 0 0 42718144 0 0 42718144 84
15 1 0 0 48589764 0 0 48589764 23
15 1 0 0 56133440 0 0 56133440 84
15 1 0 0 72442896 0 0 72442896 60
15 1 0 0 28005308 0 0 28005308 101
15 1 0 0 80874876 0 0 80874876 23
15 1 0 0 10837684 0 0 10837684 22
15 1 0 0 14061048 0 0 14061048 101
15 1 0 0 74129960 0 0 74129960 23
15 1 0 0 26046576 0 0 26046576 84
15 1 0 0 47948700 0 0 47948700 110
15 1 0 0 10620804 0 0 10620804 22
15 1 0 0 21079992 0 0 21079992 22
15 1 0 0 12445992 0 0 12445992 101
15 1 0 0 50667496 0 0 50667496 22
15 1 0 0 66393672 0 0 66393672 23
15 1 0 0 47466836 0 0 47466836 22
15 1 0 0 105661340 0 0 105661340 23
15 1 0 0 21135824 0 0 21135824 101
15 1 0 0 120817904 0 0 120817904 60
15 1 0 0 123066512 0 0 123066512 23
15 1 0 0 58802916 0 0 58802916 22
15 1 0 0 89351808 0 0 89351808 23
15 1 0 0 122132432 0 0 122132432 23
15 1 0 0 103578240 0 0 103578240 39
15 1 0 0 68318488 0 0 68318488 22
15 1 0 0 98027580 0 0 98027580 39
15 1 0 0 90299140 0 0 90299140 23
15 1 0 0 103578236 0 0 103578236 39
15 1 0 0 61284076 0 0 61284076 79
15 1 0 0 82479956 0 0 82479956 22
15 1 0 0 111806380 0 0 111806380 22
15 1 0 0 110458300 0 0 110458300 39
15 1 0 0 98027576 0 0 98027576 39
15 1 0 0 28063308 0 0 28063308 69
15 1 0 0 38658296 0 0 38658296 39
15 1 0 0 55139480 0 0 55139480 79
15 1 0 0 80530228 0 0 80530228 39
15 1 0 0 8308920 0 0 8308920 69
15 1 0 0 98027572 0 0 98027572 61
15 1 0 0 88311264 0 0 88311264 39
15 1 0 0 65608752 0 0 65608752 79
15 1 0 0 65160524 0 0 65160524 79
15 1 0 0 78871612 0 0 78871612 39
15 1 0 0 38658292 0 0 38658292 39
15 1 0 0 80530224 0 0 80530224 39
15 1 0 0 78282040 0 0 78282040 39
15 1 0 0 88311260 0 0 88311260 39
15 1 0 0 29624680 0 0 29624680 39
15 1 0 0 98512792 0 0 98512792 26
15 1 0 0 36167576 0 0 36167576 79
15 1 0 0 61879248 0 0 61879248 39
15 1 0 0 78871608 0 0 78871608 39
15 1 0 0 88619972 0 0 88619972 52
15 1 0 0 38658288 0 0 38658288 61
15 1 0 0 40549948 0 0 40549948 39
15 1 0 0 80530220 0 0 80530220 61
15 1 0 0 120691332 0 0 120691332 26
15 1 0 0 42343552 0 0 42343552 39
15 1 0 0 78282036 0 0 78282036 39
15 1 0 0 88311256 0 0 88311256 61
15 1 0 0 29624676 0 0 29624676 39
15 1 0 0 27319244 0 0 27319244 39
15 1 0 0 61879244 0 0 61879244 39
15 1 0 0 52363160 0 0 52363160 39
15 1 0 0 101957020 0 0 101957020 26
15 1 0 0 70153096 0 0 70153096 79
15 1 0 0 78871604 0 0 78871604 61
15 1 0 0 35823524 0 0 35823524 39
15 1 0 0 40549944 0 0 40549944 39
15 1 0 0 136779180 0 0 136779180 26
15 1 0 0 42343548 0 0 42343548 39
15 1 0 0 78282032 0 0 78282032 61
15 1 0 0 29624672 0 0 29624672 61
15 1 0 0 114286552 0 0 114286552 26
15 1 0 0 27319240 0 0 27319240 39
15 1 0 0 61879240 0 0 61879240 61
15 1 0 0 52363156 0 0 52363156 39
15 1 0 0 35823520 0 0 35823520 39
15 1 0 0 40549940 0 0 40549940 61
15 1 0 0 112433060 0 0 112433060 26
15 1 0 0 149958808 0 0 149958808 26
15 1 0 0 42343544 0 0 42343544 61
15 1 0 0 27319236 0 0 27319236 61
15 1 0 0 52363152 0 0 52363152 61
15 1 0 0 35823516 0 0 35823516 61
15 1 0 0 50117764 0 0 50117764 110
15 1 0 0 39832580 0 0 39832580 110
15 1 0 0 26999180 0 0 26999180 110
15 1 0 0 38494736 0 0 38494736 110
15 1 0 0 59228888 0 0 59228888 110
15 1 0 0 38427164 0 0 38427164 110
15 1 0 0 118879216 0 0 118879216 26
15 1 0 0 37104592 0 0 37104592 110
15 1 0 0 40890888 0 0 40890888 110
15 1 0 0 148061536 0 0 148061536 26
15 1 0 0 8942200 0 0 8942200 36
15 1 0 0 37265940 0 0 37265940 36
15 1 0 0 44789508 0 0 44789508 61
15 1 0 0 53652336 0 0 53652336 61
15 1 0 0 43395180 0 0 43395180 61
15 1 0 0 36848248 0 0 36848248 23
15 1 0 0 18131756 0 0 18131756 23
15 1 0 0 70266424 0 0 70266424 23
15 1 0 0 19498800 0 0 19498800 23
15 1 0 0 41126692 0 0 41126692 23
15 1 0 0 18528720 0 0 18528720 23
15 1 0 0 37083828 0 0 37083828 23
15 1 0 0 30815892 0 0 30815892 36
15 1 0 0 40932568 0 0 40932568 23
15 1 0 0 35284676 0 0 35284676 23
15 1 0 0 46177340 0 0 46177340 36
15 1 0 0 38492344 0 0 38492344 61
15 1 0 0 22105448 0 0 22105448 106
15 1 0 0 59867244 0 0 59867244 23
15 1 0 0 13583988 0 0 13583988 106
15 1 0 0 75397084 0 0 75397084 23
15 1 0 0 63119500 0 0 63119500 23
15 1 0 0 45846500 0 0 45846500 61
15 1 0 0 71161424 0 0 71161424 36
15 1 0 0 18281720 0 0 18281720 110
15 1 0 0 9298248 0 0 9298248 110
15 1 0 0 38246356 0 0 38246356 110
15 1 0 0 3086568 0 0 3086568 110
15 1 0 0 52684524 0 0 52684524 61
15 1 0 0 39739664 0 0 39739664 110
15 1 0 0 38708092 0 0 38708092 93
15 1 0 0 44008156 0 0 44008156 110
15 1 0 0 74738516 0 0 74738516 61
15 1 0 0 32854900 0 0 32854900 93
15 1 0 0 29397020 0 0 29397020 93
15 1 0 0 60045892 0 0 60045892 93
15 1 0 0 44926724 0 0 44926724 61
15 1 0 0 54729608 0 0 54729608 93
15 1 0 0 62888656 0 0 62888656 93
15 1 0 0 73605288 0 0 73605288 61
15 1 0 0 85612476 0 0 85612476 93
15 1 0 0 98528516 0 0 98528516 29
15 1 0 0 39100980 0 0 39100980 61
15 1 0 0 80501216 0 0 80501216 93
15 1 0 0 66426844 0 0 66426844 61
15 1 0 0 59105972 0 0 59105972 104
15 1 0 0 14543928 0 0 14543928 79
15 1 0 0 40433612 0 0 40433612 104
15 1 0 0 36603296 0 0 36603296 79
15 1 0 0 56759420 0 0 56759420 79
15 1 0 0 39037232 0 0 39037232 79
15 1 0 0 62580528 0 0 62580528 104
15 1 0 0 59787312 0 0 59787312 104
15 1 0 0 19917424 0 0 19917424 50
15 1 0 0 32714796 0 0 32714796 79
15 1 0 0 49947860 0 0 49947860 104
15 1 0 0 43649888 0 0 43649888 104
15 1 0 0 34305208 0 0 34305208 79
15 1 0 0 37264164 0 0 37264164 60
15 1 0 0 27203080 0 0 27203080 50
15 1 0 0 20793840 0 0 20793840 60
15 1 0 0 19636628 0 0 19636628 111
15 1 0 0 19477204 0 0 19477204 109
15 1 0 0 38366408 0 0 38366408 50
15 1 0 0 13908212 0 0 13908212 60
15 1 0 0 41593292 0 0 41593292 62
15 1 0 0 15179516 0 0 15179516 111
15 1 0 0 71178916 0 0 71178916 62
15 1 0 0 12879804 0 0 12879804 60
15 1 0 0 25518360 0 0 25518360 62
15 1 0 0 10340968 0 0 10340968 109
15 1 0 0 16152796 0 0 16152796 60
15 1 0 0 36303648 0 0 36303648 111
15 1 0 0 25089596 0 0 25089596 79
15 1 0 0 2537308 0 0 2537308 60
15 1 0 0 42680912 0 0 42680912 62
15 1 0 0 59455988 0 0 59455988 62
15 1 0 0 26157084 0 0 26157084 50
15 1 0 0 35602436 0 0 35602436 111
15 1 0 0 48755692 0 0 48755692 62
15 1 0 0 7136596 0 0 7136596 109
15 1 0 0 35134584 0 0 35134584 60
15 1 0 0 43008076 0 0 43008076 62
15 1 0 0 50794696 0 0 50794696 62
15 1 0 0 34687080 0 0 34687080 109
15 1 0 0 27484608 0 0 27484608 79
15 1 0 0 8659156 0 0 8659156 111
15 1 0 0 49234384 0 0 49234384 62
15 1 0 0 76875004 0 0 76875004 104
15 1 0 0 64757796 0 0 64757796 105
15 1 0 0 3323768 0 0 3323768 99
15 1 0 0 24660968 0 0 24660968 99
15 1 0 0 21238832 0 0 21238832 50
15 1 0 0 59810216 0 0 59810216 105
15 1 0 0 20895336 0 0 20895336 99
15 1 0 0 15885104 0 0 15885104 99
15 1 0 0 37696052 0 0 37696052 79
15 1 0 0 23714004 0 0 23714004 99
15 1 0 0 67291164 0 0 67291164 62
15 1 0 0 6770160 0 0 6770160 99
15 1 0 0 67243176 0 0 67243176 104
15 1 0 0 45578928 0 0 45578928 62
15 1 0 0 71823404 0 0 71823404 105
15 1 0 0 42909348 0 0 42909348 62
15 1 0 0 41554172 0 0 41554172 62
15 1 0 0 15825568 0 0 15825568 99
15 1 0 0 12102596 0 0 12102596 50
15 1 0 0 44981708 0 0 44981708 79
15 1 0 0 79534532 0 0 79534532 104
15 1 0 0 53115248 0 0 53115248 99
15 1 0 0 23714004 0 0 23714004 99
15 1 0 0 56145036 0 0 56145036 79
15 1 0 0 28313044 0 0 28313044 99
15 1 0 0 40266464 0 0 40266464 99
15 1 0 0 77559596 0 0 77559596 105
15 1 0 0 19182724 0 0 19182724 99
15 1 0 0 77184480 0 0 77184480 105
15 1 0 0 36276676 0 0 36276676 99
15 1 0 0 29855936 0 0 29855936 99
15 1 0 0 17510812 0 0 17510812 99
15 1 0 0 24000272 0 0 24000272 99
15 1 0 0 8898224 0 0 8898224 50
15 1 0 0 35617512 0 0 35617512 99
15 1 0 0 22065296 0 0 22065296 99
15 1 0 0 43935712 0 0 43935712 79
15 1 0 0 21016920 0 0 21016920 99
15 1 0 0 19162784 0 0 19162784 99
15 1 0 0 41097112 0 0 41097112 99
15 1 0 0 21317352 0 0 21317352 99
15 1 0 0 59115348 0 0 59115348 60
15 1 0 0 19557396 0 0 19557396 99
15 1 0 0 20722572 0 0 20722572 99
15 1 0 0 36448708 0 0 36448708 50
15 1 0 0 32979576 0 0 32979576 99
15 1 0 0 28551472 0 0 28551472 99
15 1 0 0 17497180 0 0 17497180 99
15 1 0 0 23857576 0 0 23857576 99
15 1 0 0 54673976 0 0 54673976 60
15 1 0 0 79599244 0 0 79599244 60
15 1 0 0 29725248 0 0 29725248 99
15 1 0 0 25430268 0 0 25430268 99
15 1 0 0 61252088 0 0 61252088 60
15 1 0 0 15825548 0 0 15825548 99
15 1 0 0 77105844 0 0 77105844 105
15 1 0 0 23714004 0 0 23714004 38
15 1 0 0 15825568 0 0 15825568 38
15 1 0 0 57952716 0 0 57952716 99
15 1 0 0 23713984 0 0 23713984 99
15 1 0 0 30735644 0 0 30735644 99
15 1 0 0 33150512 0 0 33150512 99
15 1 0 0 45103932 0 0 45103932 99
15 1 0 0 35261736 0 0 35261736 38
15 1 0 0 51279264 0 0 51279264 38
15 1 0 0 48093764 0 0 48093764 99
15 1 0 0 24486164 0 0 24486164 38
15 1 0 0 32032200 0 0 32032200 99
15 1 0 0 19182704 0 0 19182704 99
15 1 0 0 36898860 0 0 36898860 38
15 1 0 0 23958276 0 0 23958276 38
15 1 0 0 109123740 0 0 109123740 105
15 1 0 0 36276656 0 0 36276656 99
15 1 0 0 29855916 0 0 29855916 99
15 1 0 0 38425620 0 0 38425620 38
15 1 0 0 55712844 0 0 55712844 38
15 1 0 0 47190352 0 0 47190352 99
15 1 0 0 40411696 0 0 40411696 38
15 1 0 0 24521560 0 0 24521560 38
15 1 0 0 45858760 0 0 45858760 38
15 1 0 0 30735624 0 0 30735624 99
15 1 0 0 22522012 0 0 22522012 99
15 1 0 0 106509900 0 0 106509900 105
15 1 0 0 42093128 0 0 42093128 38
15 1 0 0 26154820 0 0 26154820 99
15 1 0 0 27967952 0 0 27967952 38
15 1 0 0 32979556 0 0 32979556 99
15 1 0 0 31130236 0 0 31130236 99
15 1 0 0 29070020 0 0 29070020 99
15 1 0 0 29725228 0 0 29725228 99
15 1 0 0 120978288 0 0 120978288 105
15 1 0 0 35430416 0 0 35430416 99
15 1 0 0 21100504 0 0 21100504 99
15 1 0 0 25430248 0 0 25430248 99
15 1 0 0 15569304 0 0 15569304 99
15 1 0 0 27398388 0 0 27398388 99
15 1 0 0 141222620 0 0 141222620 105
15 1 0 0 35286824 0 0 35286824 99
15 1 0 0 61328028 0 0 61328028 38
15 1 0 0 39569892 0 0 39569892 27
15 1 0 0 29514336 0 0 29514336 99
15 1 0 0 26515728 0 0 26515728 99
15 1 0 0 55179732 0 0 55179732 38
15 1 0 0 40739860 0 0 40739860 27
15 1 0 0 59449496 0 0 59449496 38
15 1 0 0 25856568 0 0 25856568 99
15 1 0 0 32497268 0 0 32497268 99
15 1 0 0 64622680 0 0 64622680 27
15 1 0 0 43802952 0 0 43802952 99
15 1 0 0 17968132 0 0 17968132 99
15 1 0 0 30755544 0 0 30755544 99
15 1 0 0 52151468 0 0 52151468 27
15 1 0 0 44329172 0 0 44329172 38
15 1 0 0 37404300 0 0 37404300 99
15 1 0 0 53421828 0 0 53421828 99
15 1 0 0 49855388 0 0 49855388 99
15 1 0 0 26628728 0 0 26628728 99
15 1 0 0 76020620 0 0 76020620 38
15 1 0 0 33793824 0 0 33793824 99
15 1 0 0 47849496 0 0 47849496 99
15 1 0 0 48951976 0 0 48951976 99
15 1 0 0 39041424 0 0 39041424 99
15 1 0 0 26100840 0 0 26100840 99
15 1 0 0 48145692 0 0 48145692 27
15 1 0 0 32497248 0 0 32497248 99
15 1 0 0 22521992 0 0 22521992 99
15 1 0 0 40568184 0 0 40568184 99
15 1 0 0 79312948 0 0 79312948 27
15 1 0 0 57855408 0 0 57855408 99
15 1 0 0 44552396 0 0 44552396 99
15 1 0 0 32891860 0 0 32891860 99
15 1 0 0 30831644 0 0 30831644 99
15 1 0 0 42554260 0 0 42554260 99
15 1 0 0 75141524 0 0 75141524 95
15 1 0 0 110652212 0 0 110652212 27
15 1 0 0 30650384 0 0 30650384 95
15 1 0 0 42437720 0 0 42437720 95
15 1 0 0 18155820 0 0 18155820 95
15 1 0 0 37192040 0 0 37192040 99
15 1 0 0 48141888 0 0 48141888 95
15 1 0 0 110431304 0 0 110431304 27
15 1 0 0 3499752 0 0 3499752 94
15 1 0 0 129766964 0 0 129766964 27
15 1 0 0 18723060 0 0 18723060 94
15 1 0 0 68619520 0 0 68619520 94
15 1 0 0 22692724 0 0 22692724 94
15 1 0 0 25856548 0 0 25856548 99
15 1 0 0 69975180 0 0 69975180 94
15 1 0 0 111333004 0 0 111333004 94
15 1 0 0 17968112 0 0 17968112 99
15 1 0 0 1558772 0 0 1558772 94
15 1 0 0 43510892 0 0 43510892 94
15 1 0 0 102784248 0 0 102784248 94
15 1 0 0 41869148 0 0 41869148 94
15 1 0 0 26628708 0 0 26628708 99
15 1 0 0 47867104 0 0 47867104 94
15 1 0 0 10728820 0 0 10728820 94
15 1 0 0 62926900 0 0 62926900 94
15 1 0 0 24797960 0 0 24797960 94
15 1 0 0 30579732 0 0 30579732 94
15 1 0 0 25009624 0 0 25009624 94
15 1 0 0 39041404 0 0 39041404 99
15 1 0 0 76670272 0 0 76670272 94
15 1 0 0 26100820 0 0 26100820 99
15 1 0 0 20904720 0 0 20904720 94
15 1 0 0 72239768 0 0 72239768 94
15 1 0 0 81298264 0 0 81298264 94
15 1 0 0 24283616 0 0 24283616 27
15 1 0 0 87882744 0 0 87882744 94
15 1 0 0 67579800 0 0 67579800 32
15 1 0 0 17371472 0 0 17371472 94
15 1 0 0 47955660 0 0 47955660 94
15 1 0 0 104391048 0 0 104391048 32
15 1 0 0 15917580 0 0 15917580 51
15 1 0 0 103860072 0 0 103860072 32
15 1 0 0 120277340 0 0 120277340 32
15 1 0 0 7969200 0 0 7969200 51
15 1 0 0 43166224 0 0 43166224 26
15 1 0 0 41333212 0 0 41333212 51
15 1 0 0 13979844 0 0 13979844 51
15 1 0 0 29388896 0 0 29388896 26
15 1 0 0 127719896 0 0 127719896 32
15 1 0 0 150816532 0 0 150816532 32
15 1 0 0 159311576 0 0 159311576 32
15 1 0 0 135105504 0 0 135105504 32
15 1 0 0 39387772 0 0 39387772 26
15 1 0 0 14689756 0 0 14689756 24
15 1 0 0 11418596 0 0 11418596 24
15 1 0 0 35361540 0 0 35361540 24
15 1 0 0 37479036 0 0 37479036 51
15 1 0 0 5609836 0 0 5609836 24
15 1 0 0 47768628 0 0 47768628 24
15 1 0 0 15899172 0 0 15899172 24
15 1 0 0 19809428 0 0 19809428 51
15 1 0 0 68002856 0 0 68002856 24
15 1 0 0 63336560 0 0 63336560 24
15 1 0 0 68829096 0 0 68829096 24
15 1 0 0 88354460 0 0 88354460 24
15 1 0 0 114016132 0 0 114016132 24
15 1 0 0 35562656 0 0 35562656 104
15 1 0 0 31667864 0 0 31667864 104
15 1 0 0 96877872 0 0 96877872 99
15 1 0 0 54392704 0 0 54392704 104
15 1 0 0 37127120 0 0 37127120 104
15 1 0 0 9197840 0 0 9197840 104
15 1 0 0 111838328 0 0 111838328 99
15 1 0 0 8599760 0 0 8599760 86
15 1 0 0 89913500 0 0 89913500 99
15 1 0 0 17145640 0 0 17145640 104
15 1 0 0 9711300 0 0 9711300 104
15 1 0 0 27225208 0 0 27225208 86
15 1 0 0 15009056 0 0 15009056 86
15 1 0 0 31249676 0 0 31249676 86
15 1 0 0 26782396 0 0 26782396 104
15 1 0 0 13354988 0 0 13354988 104
15 1 0 0 37522816 0 0 37522816 104
15 1 0 0 127082216 0 0 127082216 99
15 1 0 0 36338156 0 0 36338156 104
15 1 0 0 154889536 0 0 154889536 99
15 1 0 0 48955420 0 0 48955420 104
15 1 0 0 35787968 0 0 35787968 104
15 1 0 0 60841816 0 0 60841816 109
15 1 0 0 39691000 0 0 39691000 109
15 1 0 0 7591884 0 0 7591884 109
15 1 0 0 1416480 0 0 1416480 109
15 1 0 0 964216 0 0 964216 109
15 1 0 0 26546320 0 0 26546320 109
15 1 0 0 68629992 0 0 68629992 109
15 1 0 0 40351692 0 0 40351692 98
15 1 0 0 72579828 0 0 72579828 98
15 1 0 0 37613996 0 0 37613996 70
15 1 0 0 43099616 0 0 43099616 98
15 1 0 0 19766004 0 0 19766004 70
15 1 0 0 74396064 0 0 74396064 98
15 1 0 0 16828428 0 0 16828428 70
15 1 0 0 98127468 0 0 98127468 98
15 1 0 0 21442552 0 0 21442552 98
15 1 0 0 40095304 0 0 40095304 98
15 1 0 0 80279476 0 0 80279476 98
15 1 0 0 77341900 0 0 77341900 98
15 1 0 0 34046708 0 0 34046708 98
15 1 0 0 3245596 0 0 3245596 70
15 1 0 0 29094308 0 0 29094308 98
15 1 0 0 11118556 0 0 11118556 98
15 1 0 0 21583640 0 0 21583640 70
15 1 0 0 24137816 0 0 24137816 98
15 1 0 0 33910444 0 0 33910444 70
15 1 0 0 29149216 0 0 29149216 70
15 1 0 0 39820388 0 0 39820388 70
15 1 0 0 63759068 0 0 63759068 98
15 1 0 0 71502720 0 0 71502720 70
15 1 0 0 45569872 0 0 45569872 98
15 1 0 0 82097112 0 0 82097112 98
15 1 0 0 40806364 0 0 40806364 46
15 1 0 0 94423916 0 0 94423916 98
15 1 0 0 33087424 0 0 33087424 98
15 1 0 0 33465096 0 0 33465096 46
15 1 0 0 89662688 0 0 89662688 98
15 1 0 0 57226396 0 0 57226396 46
15 1 0 0 18077692 0 0 18077692 98
15 1 0 0 67338492 0 0 67338492 70
15 1 0 0 40706952 0 0 40706952 46
15 1 0 0 14788748 0 0 14788748 87
15 1 0 0 35695428 0 0 35695428 46
15 1 0 0 23739504 0 0 23739504 98
15 1 0 0 60219888 0 0 60219888 70
15 1 0 0 100333860 0 0 100333860 98
15 1 0 0 14079168 0 0 14079168 46
15 1 0 0 708736 0 0 708736 93
15 1 0 0 50563088 0 0 50563088 98
15 1 0 0 60435856 0 0 60435856 70
15 1 0 0 28431492 0 0 28431492 46
15 1 0 0 41273388 0 0 41273388 46
15 1 0 0 37413544 0 0 37413544 26
15 1 0 0 24042524 0 0 24042524 26
15 1 0 0 27720536 0 0 27720536 93
15 1 0 0 11457048 0 0 11457048 26
15 1 0 0 37004740 0 0 37004740 87
15 1 0 0 33078052 0 0 33078052 26
15 1 0 0 28706100 0 0 28706100 46
15 1 0 0 41205704 0 0 41205704 26
15 1 0 0 21592112 0 0 21592112 93
15 1 0 0 14673412 0 0 14673412 87
15 1 0 0 16472924 0 0 16472924 93
15 1 0 0 10186136 0 0 10186136 87
15 1 0 0 39548340 0 0 39548340 93
15 1 0 0 22205368 0 0 22205368 46
15 1 0 0 20558436 0 0 20558436 46
15 1 0 0 31448248 0 0 31448248 93
15 1 0 0 13278336 0 0 13278336 93
15 1 0 0 63421696 0 0 63421696 26
15 1 0 0 41090368 0 0 41090368 26
15 1 0 0 51794368 0 0 51794368 93
15 1 0 0 35743500 0 0 35743500 93
15 1 0 0 36603092 0 0 36603092 26
15 1 0 0 57441276 0 0 57441276 93
15 1 0 0 4643968 0 0 4643968 38
15 1 0 0 10204032 0 0 10204032 38
15 1 0 0 5495876 0 0 5495876 38
15 1 0 0 37874672 0 0 37874672 38
15 1 0 0 17899804 0 0 17899804 38
15 1 0 0 19969344 0 0 19969344 38
15 1 0 0 4487604 0 0 4487604 38
15 1 0 0 26207080 0 0 26207080 38
15 1 0 0 30045320 0 0 30045320 93
15 1 0 0 2860984 0 0 2860984 93
15 1 0 0 5763720 0 0 5763720 38
15 1 0 0 21359608 0 0 21359608 38
15 1 0 0 17459368 0 0 17459368 109
15 1 0 0 3051040 0 0 3051040 109
15 1 0 0 9841732 0 0 9841732 109
15 1 0 0 28601108 0 0 28601108 109
15 1 0 0 43450944 0 0 43450944 87
15 1 0 0 33922384 0 0 33922384 109
15 1 0 0 12892692 0 0 12892692 87
15 1 0 0 360424 0 0 360424 87
15 1 0 0 17581224 0 0 17581224 109
15 1 0 0 5042116 0 0 5042116 109
15 1 0 0 17536856 0 0 17536856 87
15 1 0 0 35547220 0 0 35547220 109
15 1 0 0 25092 0 0 25092 87
15 1 0 0 23271620 0 0 23271620 87
15 1 0 0 41835036 0 0 41835036 109
15 1 0 0 29306344 0 0 29306344 109
15 1 0 0 7985964 0 0 7985964 87
15 1 0 0 37073432 0 0 37073432 87
15 1 0 0 10051480 0 0 10051480 87
15 1 0 0 33932436 0 0 33932436 47
15 1 0 0 39616728 0 0 39616728 47
15 1 0 0 71124880 0 0 71124880 47
15 1 0 0 99256448 0 0 99256448 47
15 1 0 0 4186588 0 0 4186588 87
15 1 0 0 79661736 0 0 79661736 47
15 1 0 0 33032452 0 0 33032452 87
15 1 0 0 18943628 0 0 18943628 87
15 1 0 0 105067432 0 0 105067432 47
15 1 0 0 125842448 0 0 125842448 47
15 1 0 0 128767520 0 0 128767520 47
15 1 0 0 122950944 0 0 122950944 47
15 1 0 0 23714004 0 0 23714004 99
15 1 0 0 29884976 0 0 29884976 99
15 1 0 0 35191968 0 0 35191968 99
15 1 0 0 30360928 0 0 30360928 99
15 1 0 0 10966296 0 0 10966296 99
15 1 0 0 19102380 0 0 19102380 99
15 1 0 0 11399508 0 0 11399508 99
15 1 0 0 25265212 0 0 25265212 101
15 1 0 0 117516444 0 0 117516444 47
15 1 0 0 107362496 0 0 107362496 47
15 1 0 0 45298900 0 0 45298900 99
15 1 0 0 42846656 0 0 42846656 99
15 1 0 0 16831336 0 0 16831336 99
15 1 0 0 35283044 0 0 35283044 101
15 1 0 0 135735664 0 0 135735664 47
15 1 0 0 32122552 0 0 32122552 99
15 1 0 0 128666760 0 0 128666760 47
15 1 0 0 59611984 0 0 59611984 101
15 1 0 0 5610640 0 0 5610640 99
15 1 0 0 15418360 0 0 15418360 99
15 1 0 0 23714004 0 0 23714004 28
15 1 0 0 12727920 0 0 12727920 99
15 1 0 0 67225208 0 0 67225208 101
15 1 0 0 24194660 0 0 24194660 99
15 1 0 0 8366612 0 0 8366612 99
15 1 0 0 112759644 0 0 112759644 47
15 1 0 0 23714004 0 0 23714004 99
15 1 0 0 28505812 0 0 28505812 99
15 1 0 0 47060524 0 0 47060524 99
15 1 0 0 23714004 0 0 23714004 99
15 1 0 0 22211496 0 0 22211496 99
15 1 0 0 49867088 0 0 49867088 101
15 1 0 0 26762696 0 0 26762696 99
15 1 0 0 30482340 0 0 30482340 99
15 1 0 0 23714004 0 0 23714004 99
15 1 0 0 29634984 0 0 29634984 99
15 1 0 0 55104196 0 0 55104196 99
15 1 0 0 44004164 0 0 44004164 99
15 1 0 0 36953592 0 0 36953592 104
15 1 0 0 37816972 0 0 37816972 99
15 1 0 0 54418288 0 0 54418288 101
15 1 0 0 13161132 0 0 13161132 104
15 1 0 0 40506912 0 0 40506912 99
15 1 0 0 39485200 0 0 39485200 99
15 1 0 0 15825568 0 0 15825568 28
15 1 0 0 64934612 0 0 64934612 99
15 1 0 0 15825568 0 0 15825568 99
15 1 0 0 103810500 0 0 103810500 34
15 1 0 0 39584440 0 0 39584440 99
15 1 0 0 19880028 0 0 19880028 99
15 1 0 0 50474120 0 0 50474120 99
15 1 0 0 46804068 0 0 46804068 99
15 1 0 0 112153284 0 0 112153284 34
15 1 0 0 15825568 0 0 15825568 99
15 1 0 0 36276676 0 0 36276676 28
15 1 0 0 33884176 0 0 33884176 99
15 1 0 0 45765788 0 0 45765788 99
15 1 0 0 18467052 0 0 18467052 99
15 1 0 0 116020608 0 0 116020608 34
15 1 0 0 21746548 0 0 21746548 99
15 1 0 0 18989452 0 0 18989452 28
15 1 0 0 36276676 0 0 36276676 99
15 1 0 0 73512944 0 0 73512944 99
15 1 0 0 49261124 0 0 49261124 99
15 1 0 0 46529852 0 0 46529852 101
15 1 0 0 66696236 0 0 66696236 99
15 1 0 0 42197656 0 0 42197656 99
15 1 0 0 24194640 0 0 24194640 99
15 1 0 0 39691524 0 0 39691524 99
15 1 0 0 73385344 0 0 73385344 99
15 1 0 0 18989452 0 0 18989452 99
15 1 0 0 24910432 0 0 24910432 99
15 1 0 0 28505792 0 0 28505792 99
15 1 0 0 14489544 0 0 14489544 99
15 1 0 0 56225720 0 0 56225720 99
15 1 0 0 20924428 0 0 20924428 28
15 1 0 0 63435800 0 0 63435800 99
15 1 0 0 82541348 0 0 82541348 99
15 1 0 0 33531032 0 0 33531032 99
15 1 0 0 23973120 0 0 23973120 104
15 1 0 0 66980960 0 0 66980960 101
15 1 0 0 56389760 0 0 56389760 99
15 1 0 0 28524320 0 0 28524320 104
15 1 0 0 51022748 0 0 51022748 99
15 1 0 0 55104176 0 0 55104176 99
15 1 0 0 32597300 0 0 32597300 99
15 1 0 0 26845408 0 0 26845408 99
15 1 0 0 25475628 0 0 25475628 28
15 1 0 0 37816952 0 0 37816952 99
15 1 0 0 58160696 0 0 58160696 99
15 1 0 0 40506892 0 0 40506892 99
15 1 0 0 49693736 0 0 49693736 101
15 1 0 0 42533892 0 0 42533892 99
15 1 0 0 75146968 0 0 75146968 99
15 1 0 0 26199784 0 0 26199784 99
15 1 0 0 92559180 0 0 92559180 99
15 1 0 0 28955756 0 0 28955756 99
15 1 0 0 19016932 0 0 19016932 61
15 1 0 0 116888120 0 0 116888120 99
15 1 0 0 62711896 0 0 62711896 99
15 1 0 0 42633132 0 0 42633132 99
15 1 0 0 21641652 0 0 21641652 104
15 1 0 0 31396608 0 0 31396608 99
15 1 0 0 124501344 0 0 124501344 99
15 1 0 0 49852760 0 0 49852760 99
15 1 0 0 20228676 0 0 20228676 104
15 1 0 0 107143224 0 0 107143224 99
15 1 0 0 76561636 0 0 76561636 99
15 1 0 0 54823460 0 0 54823460 99
15 1 0 0 43409288 0 0 43409288 99
15 1 0 0 59274412 0 0 59274412 99
15 1 0 0 35292656 0 0 35292656 104
15 1 0 0 61209388 0 0 61209388 99
15 1 0 0 44295516 0 0 44295516 104
15 1 0 0 4103656 0 0 4103656 53
15 1 0 0 6911588 0 0 6911588 53
15 1 0 0 37811192 0 0 37811192 53
15 1 0 0 29354948 0 0 29354948 53
15 1 0 0 89265800 0 0 89265800 53
15 1 0 0 23126396 0 0 23126396 53
15 1 0 0 44130496 0 0 44130496 53
15 1 0 0 27730100 0 0 27730100 53
15 1 0 0 12774516 0 0 12774516 53
15 1 0 0 55060540 0 0 55060540 101
15 1 0 0 48216424 0 0 48216424 101
15 1 0 0 70295976 0 0 70295976 101
15 1 0 0 1943044 0 0 1943044 53
15 1 0 0 45677872 0 0 45677872 101
15 1 0 0 29871532 0 0 29871532 53
15 1 0 0 72352920 0 0 72352920 53
15 1 0 0 36271308 0 0 36271308 101
15 1 0 0 59492452 0 0 59492452 101
15 1 0 0 51785104 0 0 51785104 101
15 1 0 0 75153532 0 0 75153532 101
15 1 0 0 42153644 0 0 42153644 101
15 1 0 0 14126608 0 0 14126608 26
15 1 0 0 60928032 0 0 60928032 101
15 1 0 0 33069824 0 0 33069824 81
15 1 0 0 24006256 0 0 24006256 81
15 1 0 0 50420928 0 0 50420928 101
15 1 0 0 21289436 0 0 21289436 38
15 1 0 0 36053688 0 0 36053688 81
15 1 0 0 30462984 0 0 30462984 38
15 1 0 0 23930616 0 0 23930616 111
15 1 0 0 36424724 0 0 36424724 81
15 1 0 0 6917108 0 0 6917108 111
15 1 0 0 3204512 0 0 3204512 111
15 1 0 0 32538360 0 0 32538360 111
15 1 0 0 15257132 0 0 15257132 38
15 1 0 0 31944816 0 0 31944816 111
15 1 0 0 742340 0 0 742340 111
15 1 0 0 42119932 0 0 42119932 111
15 1 0 0 34063800 0 0 34063800 111
15 1 0 0 54597236 0 0 54597236 111
15 1 0 0 54438800 0 0 54438800 111
15 1 0 0 43063520 0 0 43063520 38
15 1 0 0 22159400 0 0 22159400 111
15 1 0 0 28614492 0 0 28614492 111
15 1 0 0 43629048 0 0 43629048 38
15 1 0 0 50278872 0 0 50278872 38
15 1 0 0 57345400 0 0 57345400 38
15 1 0 0 47864692 0 0 47864692 81
15 1 0 0 48492744 0 0 48492744 38
15 1 0 0 41261544 0 0 41261544 38
15 1 0 0 24261748 0 0 24261748 38
15 1 0 0 72676376 0 0 72676376 38
15 1 0 0 24738648 0 0 24738648 38
15 1 0 0 24792560 0 0 24792560 38
15 1 0 0 62049948 0 0 62049948 38
15 1 0 0 85100960 0 0 85100960 38
15 1 0 0 38150652 0 0 38150652 81
15 1 0 0 23962188 0 0 23962188 38
15 1 0 0 57161164 0 0 57161164 81
15 1 0 0 32334588 0 0 32334588 38
15 1 0 0 66397984 0 0 66397984 81
15 1 0 0 66474800 0 0 66474800 81
15 1 0 0 44912844 0 0 44912844 38
15 1 0 0 26696520 0 0 26696520 38
15 1 0 0 26246600 0 0 26246600 109
15 1 0 0 30520412 0 0 30520412 109
15 1 0 0 34019324 0 0 34019324 109
15 1 0 0 33808264 0 0 33808264 109
15 1 0 0 28566712 0 0 28566712 109
15 1 0 0 57865496 0 0 57865496 50
15 1 0 0 40327064 0 0 40327064 50
15 1 0 0 41373332 0 0 41373332 50
15 1 0 0 84760440 0 0 84760440 50
15 1 0 0 31236072 0 0 31236072 33
15 1 0 0 107222020 0 0 107222020 50
15 1 0 0 85536580 0 0 85536580 33
15 1 0 0 45415012 0 0 45415012 33
15 1 0 0 91668292 0 0 91668292 50
15 1 0 0 95909200 0 0 95909200 50
15 1 0 0 32249692 0 0 32249692 33
15 1 0 0 77089432 0 0 77089432 50
15 1 0 0 20748372 0 0 20748372 33
15 1 0 0 74553652 0 0 74553652 50
15 1 0 0 80845164 0 0 80845164 50
15 1 0 0 94223620 0 0 94223620 50
15 1 0 0 100183012 0 0 100183012 50
15 1 0 0 97403908 0 0 97403908 75
15 1 0 0 77994880 0 0 77994880 50
15 1 0 0 79865476 0 0 79865476 75
15 1 0 0 60645696 0 0 60645696 33
15 1 0 0 80911744 0 0 80911744 75
15 1 0 0 68273888 0 0 68273888 33
15 1 0 0 34904748 0 0 34904748 106
15 1 0 0 98229312 0 0 98229312 50
15 1 0 0 32806388 0 0 32806388 106
15 1 0 0 19971792 0 0 19971792 33
15 1 0 0 19910780 0 0 19910780 106
15 1 0 0 114092064 0 0 114092064 75
15 1 0 0 120383576 0 0 120383576 75
15 1 0 0 6524340 0 0 6524340 106
15 1 0 0 24128508 0 0 24128508 106
15 1 0 0 40058964 0 0 40058964 106
15 1 0 0 29702808 0 0 29702808 106
15 1 0 0 47151896 0 0 47151896 106
15 1 0 0 71062504 0 0 71062504 93
15 1 0 0 70168608 0 0 70168608 93
15 1 0 0 48193368 0 0 48193368 93
15 1 0 0 54455856 0 0 54455856 93
15 1 0 0 65207336 0 0 65207336 93
15 1 0 0 92843232 0 0 92843232 93
15 1 0 0 54151456 0 0 54151456 70
15 1 0 0 62962592 0 0 62962592 106
15 1 0 0 29942284 0 0 29942284 70
15 1 0 0 32654996 0 0 32654996 70
15 1 0 0 35099904 0 0 35099904 106
15 1 0 0 36252832 0 0 36252832 70
15 1 0 0 30072940 0 0 30072940 70
15 1 0 0 34220500 0 0 34220500 70
15 1 0 0 46811392 0 0 46811392 70
15 1 0 0 63567036 0 0 63567036 70
15 1 0 0 81214012 0 0 81214012 70
15 1 0 0 126538912 0 0 126538912 86
15 1 0 0 88734764 0 0 88734764 70
15 1 0 0 83489884 0 0 83489884 70
15 1 0 0 82793736 0 0 82793736 70
15 1 0 0 34403920 0 0 34403920 21
15 1 0 0 3813852 0 0 3813852 21
15 1 0 0 31366588 0 0 31366588 21
15 1 0 0 23916644 0 0 23916644 21
15 1 0 0 21505480 0 0 21505480 21
15 1 0 0 42367076 0 0 42367076 106
15 1 0 0 80220160 0 0 80220160 106
15 1 0 0 42835132 0 0 42835132 106
15 1 0 0 56251724 0 0 56251724 106
15 1 0 0 47876124 0 0 47876124 106
15 1 0 0 47835180 0 0 47835180 111
15 1 0 0 49420928 0 0 49420928 106
15 1 0 0 21481612 0 0 21481612 111
15 1 0 0 24722060 0 0 24722060 111
15 1 0 0 70160028 0 0 70160028 48
15 1 0 0 45876504 0 0 45876504 106
15 1 0 0 43806460 0 0 43806460 48
15 1 0 0 47046908 0 0 47046908 48
15 1 0 0 45794948 0 0 45794948 106
15 1 0 0 79674436 0 0 79674436 106
15 1 0 0 65304876 0 0 65304876 111
15 1 0 0 100902996 0 0 100902996 106
15 1 0 0 89331016 0 0 89331016 106
15 1 0 0 104815780 0 0 104815780 106
15 1 0 0 40507832 0 0 40507832 31
15 1 0 0 87629724 0 0 87629724 48
15 1 0 0 38403028 0 0 38403028 111
15 1 0 0 89645500 0 0 89645500 106
15 1 0 0 32632416 0 0 32632416 36
15 1 0 0 43654572 0 0 43654572 36
15 1 0 0 115843360 0 0 115843360 106
15 1 0 0 42691496 0 0 42691496 111
15 1 0 0 47471692 0 0 47471692 36
15 1 0 0 26070708 0 0 26070708 31
15 1 0 0 46182892 0 0 46182892 111
15 1 0 0 60727876 0 0 60727876 48
15 1 0 0 14172804 0 0 14172804 31
15 1 0 0 31690436 0 0 31690436 36
15 1 0 0 30143020 0 0 30143020 36
15 1 0 0 51352800 0 0 51352800 111
15 1 0 0 51648568 0 0 51648568 111
15 1 0 0 31837604 0 0 31837604 31
15 1 0 0 5158536 0 0 5158536 36
15 1 0 0 58036292 0 0 58036292 111
15 1 0 0 55413388 0 0 55413388 111
15 1 0 0 42695252 0 0 42695252 31
15 1 0 0 30463288 0 0 30463288 31
15 1 0 0 47736360 0 0 47736360 31
15 1 0 0 41660464 0 0 41660464 106
15 1 0 0 95730064 0 0 95730064 111
15 1 0 0 43465068 0 0 43465068 106
15 1 0 0 22105448 0 0 22105448 34
15 1 0 0 22828008 0 0 22828008 106
15 1 0 0 8739624 0 0 8739624 99
15 1 0 0 127986648 0 0 127986648 111
15 1 0 0 13751688 0 0 13751688 34
15 1 0 0 39667160 0 0 39667160 106
15 1 0 0 19168588 0 0 19168588 106
15 1 0 0 92676940 0 0 92676940 111
15 1 0 0 50558828 0 0 50558828 106
15 1 0 0 28984168 0 0 28984168 34
15 1 0 0 27636436 0 0 27636436 99
15 1 0 0 116099300 0 0 116099300 111
15 1 0 0 17391704 0 0 17391704 99
15 1 0 0 35565944 0 0 35565944 106
15 1 0 0 28687540 0 0 28687540 34
15 1 0 0 70313776 0 0 70313776 34
15 1 0 0 60927172 0 0 60927172 34
15 1 0 0 16761248 0 0 16761248 99
15 1 0 0 70385480 0 0 70385480 34
15 1 0 0 18377476 0 0 18377476 99
15 1 0 0 70155460 0 0 70155460 34
15 1 0 0 86246736 0 0 86246736 34
15 1 0 0 71016732 0 0 71016732 106
15 1 0 0 50643492 0 0 50643492 99
15 1 0 0 73706400 0 0 73706400 106
15 1 0 0 64135216 0 0 64135216 106
15 1 0 0 58807616 0 0 58807616 34
15 1 0 0 119380684 0 0 119380684 37
15 1 0 0 80140872 0 0 80140872 34
15 1 0 0 72199104 0 0 72199104 106
15 1 0 0 33093372 0 0 33093372 99
15 1 0 0 108012576 0 0 108012576 37
15 1 0 0 41346532 0 0 41346532 99
15 1 0 0 86148148 0 0 86148148 106
15 1 0 0 71521992 0 0 71521992 106
15 1 0 0 68488812 0 0 68488812 99
15 1 0 0 97438492 0 0 97438492 106
15 1 0 0 61798396 0 0 61798396 37
15 1 0 0 31734924 0 0 31734924 37
15 1 0 0 24391428 0 0 24391428 37
15 1 0 0 25218724 0 0 25218724 99
15 1 0 0 32036708 0 0 32036708 99
15 1 0 0 36470248 0 0 36470248 37
15 1 0 0 62356036 0 0 62356036 99
15 1 0 0 90559356 0 0 90559356 37
15 1 0 0 23714004 0 0 23714004 99
15 1 0 0 15945640 0 0 15945640 99
15 1 0 0 23714004 0 0 23714004 99
15 1 0 0 41288396 0 0 41288396 37
15 1 0 0 38737220 0 0 38737220 37
15 1 0 0 42682080 0 0 42682080 99
15 1 0 0 38310524 0 0 38310524 99
15 1 0 0 23714004 0 0 23714004 99
15 1 0 0 22613804 0 0 22613804 37
15 1 0 0 67141768 0 0 67141768 99
15 1 0 0 15825568 0 0 15825568 99
15 1 0 0 36276676 0 0 36276676 99
15 1 0 0 23714004 0 0 23714004 99
15 1 0 0 19372476 0 0 19372476 99
15 1 0 0 27407420 0 0 27407420 37
15 1 0 0 15825568 0 0 15825568 99
15 1 0 0 114294860 0 0 114294860 37
15 1 0 0 40677912 0 0 40677912 99
15 1 0 0 23714004 0 0 23714004 99
15 1 0 0 15825568 0 0 15825568 99
15 1 0 0 36276676 0 0 36276676 99
15 1 0 0 112955584 0 0 112955584 37
15 1 0 0 5593104 0 0 5593104 99
15 1 0 0 23714004 0 0 23714004 99
15 1 0 0 101446864 0 0 101446864 37
15 1 0 0 18989452 0 0 18989452 99
15 1 0 0 26980348 0 0 26980348 99
15 1 0 0 106775672 0 0 106775672 37
15 1 0 0 36276676 0 0 36276676 99
15 1 0 0 15825568 0 0 15825568 99
15 1 0 0 21043468 0 0 21043468 99
15 1 0 0 18989452 0 0 18989452 99
15 1 0 0 33798332 0 0 33798332 99
15 1 0 0 23714004 0 0 23714004 110
15 1 0 0 36276676 0 0 36276676 99
15 1 0 0 64117660 0 0 64117660 99
15 1 0 0 20924428 0 0 20924428 99
15 1 0 0 18989452 0 0 18989452 99
15 1 0 0 15825568 0 0 15825568 99
15 1 0 0 25475628 0 0 25475628 99
15 1 0 0 28551472 0 0 28551472 99
15 1 0 0 36276676 0 0 36276676 99
15 1 0 0 17707264 0 0 17707264 99
15 1 0 0 21855464 0 0 21855464 99
15 1 0 0 25475628 0 0 25475628 99
15 1 0 0 15825568 0 0 15825568 110
15 1 0 0 18989452 0 0 18989452 99
15 1 0 0 36276676 0 0 36276676 110
15 1 0 0 20924428 0 0 20924428 99
15 1 0 0 44443704 0 0 44443704 99
15 1 0 0 40072148 0 0 40072148 99
15 1 0 0 20924428 0 0 20924428 99
15 1 0 0 20663036 0 0 20663036 99
15 1 0 0 18989452 0 0 18989452 110
15 1 0 0 25475628 0 0 25475628 99
15 1 0 0 68903392 0 0 68903392 99
15 1 0 0 41114144 0 0 41114144 99
15 1 0 0 17587192 0 0 17587192 99
15 1 0 0 38038300 0 0 38038300 99
15 1 0 0 25475628 0 0 25475628 110
15 1 0 0 21134100 0 0 21134100 99
15 1 0 0 20924428 0 0 20924428 110
15 1 0 0 23826920 0 0 23826920 99
15 1 0 0 17587192 0 0 17587192 99
15 1 0 0 42439536 0 0 42439536 99
15 1 0 0 17587192 0 0 17587192 110
15 1 0 0 36276656 0 0 36276656 99
15 1 0 0 30313096 0 0 30313096 99
15 1 0 0 38038300 0 0 38038300 99
15 1 0 0 7354728 0 0 7354728 99
15 1 0 0 25761896 0 0 25761896 99
15 1 0 0 13574208 0 0 13574208 99
15 1 0 0 20751076 0 0 20751076 99
15 1 0 0 28741972 0 0 28741972 99
15 1 0 0 22424660 0 0 22424660 99
15 1 0 0 28551452 0 0 28551452 99
15 1 0 0 18989432 0 0 18989432 99
15 1 0 0 21855444 0 0 21855444 99
15 1 0 0 38038300 0 0 38038300 110
15 1 0 0 22805092 0 0 22805092 99
15 1 0 0 20751076 0 0 20751076 110
15 1 0 0 35559956 0 0 35559956 99
15 1 0 0 25475608 0 0 25475608 99
15 1 0 0 65879284 0 0 65879284 99
15 1 0 0 22686052 0 0 22686052 110
15 1 0 0 20663016 0 0 20663016 99
15 1 0 0 27237252 0 0 27237252 110
15 1 0 0 20924408 0 0 20924408 99
15 1 0 0 19468888 0 0 19468888 110
15 1 0 0 42875768 0 0 42875768 99
15 1 0 0 41114124 0 0 41114124 99
15 1 0 0 25588544 0 0 25588544 99
15 1 0 0 46205328 0 0 46205328 110
15 1 0 0 41833772 0 0 41833772 110
15 1 0 0 27523520 0 0 27523520 99
15 1 0 0 17587172 0 0 17587172 99
15 1 0 0 120606316 0 0 120606316 51
15 1 0 0 70665016 0 0 70665016 110
15 1 0 0 38038280 0 0 38038280 99
15 1 0 0 23826900 0 0 23826900 99
15 1 0 0 38038280 0 0 38038280 99
15 1 0 0 110036540 0 0 110036540 51
15 1 0 0 110242272 0 0 110242272 51
15 1 0 0 20751056 0 0 20751056 99
15 1 0 0 15335832 0 0 15335832 99
15 1 0 0 82695120 0 0 82695120 51
15 1 0 0 25761876 0 0 25761876 99
15 1 0 0 44177440 0 0 44177440 96
15 1 0 0 107565692 0 0 107565692 99
15 1 0 0 95316692 0 0 95316692 51
15 1 0 0 103169476 0 0 103169476 51
15 1 0 0 20751056 0 0 20751056 99
15 1 0 0 22686032 0 0 22686032 99
15 1 0 0 4159340 0 0 4159340 96
15 1 0 0 40044912 0 0 40044912 51
15 1 0 0 80864384 0 0 80864384 51
15 1 0 0 29013204 0 0 29013204 77
15 1 0 0 38843612 0 0 38843612 96
15 1 0 0 69526172 0 0 69526172 51
15 1 0 0 14989568 0 0 14989568 77
15 1 0 0 80028824 0 0 80028824 99
15 1 0 0 18314292 0 0 18314292 77
15 1 0 0 15843200 0 0 15843200 77
15 1 0 0 20131260 0 0 20131260 96
15 1 0 0 99629608 0 0 99629608 51
15 1 0 0 38433580 0 0 38433580 77
15 1 0 0 65434928 0 0 65434928 51
15 1 0 0 22686032 0 0 22686032 99
15 1 0 0 1750784 0 0 1750784 77
15 1 0 0 62945564 0 0 62945564 51
15 1 0 0 23617068 0 0 23617068 99
15 1 0 0 39385672 0 0 39385672 96
15 1 0 0 31042880 0 0 31042880 96
15 1 0 0 90207572 0 0 90207572 99
15 1 0 0 48209772 0 0 48209772 96
15 1 0 0 7760692 0 0 7760692 96
15 1 0 0 44480088 0 0 44480088 96
15 1 0 0 65549816 0 0 65549816 23
15 1 0 0 30536016 0 0 30536016 96
15 1 0 0 97949624 0 0 97949624 23
15 1 0 0 37241188 0 0 37241188 96
15 1 0 0 71834180 0 0 71834180 23
15 1 0 0 52658800 0 0 52658800 96
15 1 0 0 59813300 0 0 59813300 23
15 1 0 0 75976632 0 0 75976632 23
15 1 0 0 46971520 0 0 46971520 96
15 1 0 0 72045396 0 0 72045396 23
15 1 0 0 68351148 0 0 68351148 23
15 1 0 0 99756800 0 0 99756800 23
15 1 0 0 55583156 0 0 55583156 96
15 1 0 0 39328200 0 0 39328200 53
15 1 0 0 28384356 0 0 28384356 53
15 1 0 0 80689628 0 0 80689628 87
15 1 0 0 54798548 0 0 54798548 51
15 1 0 0 71860704 0 0 71860704 87
15 1 0 0 82185764 0 0 82185764 87
15 1 0 0 73588796 0 0 73588796 99
15 1 0 0 100418100 0 0 100418100 87
15 1 0 0 102765420 0 0 102765420 87
15 1 0 0 40161632 0 0 40161632 99
15 1 0 0 72474576 0 0 72474576 51
15 1 0 0 43409136 0 0 43409136 99
15 1 0 0 45530324 0 0 45530324 99
15 1 0 0 67938712 0 0 67938712 99
15 1 0 0 111874836 0 0 111874836 87
15 1 0 0 30305012 0 0 30305012 99
15 1 0 0 28885832 0 0 28885832 99
15 1 0 0 15416728 0 0 15416728 99
15 1 0 0 38210752 0 0 38210752 99
15 1 0 0 23274796 0 0 23274796 99
15 1 0 0 62775404 0 0 62775404 99
15 1 0 0 6080392 0 0 6080392 99
15 1 0 0 30188412 0 0 30188412 99
15 1 0 0 68216064 0 0 68216064 21
15 1 0 0 38524116 0 0 38524116 24
15 1 0 0 79019328 0 0 79019328 21
15 1 0 0 110431108 0 0 110431108 21
15 1 0 0 18922592 0 0 18922592 24
15 1 0 0 111530548 0 0 111530548 21
15 1 0 0 93465608 0 0 93465608 21
15 1 0 0 71834908 0 0 71834908 24
15 1 0 0 80022500 0 0 80022500 21
15 1 0 0 97446468 0 0 97446468 21
15 1 0 0 113571480 0 0 113571480 21
15 1 0 0 47789700 0 0 47789700 24
15 1 0 0 72061332 0 0 72061332 24
15 1 0 0 49217208 0 0 49217208 24
15 1 0 0 48041416 0 0 48041416 21
15 1 0 0 33890012 0 0 33890012 21
15 1 0 0 17615476 0 0 17615476 21
15 1 0 0 60251968 0 0 60251968 24
15 1 0 0 49404652 0 0 49404652 61
15 1 0 0 12862912 0 0 12862912 21
15 1 0 0 30883620 0 0 30883620 21
15 1 0 0 42233636 0 0 42233636 61
15 1 0 0 59521960 0 0 59521960 61
15 1 0 0 67472320 0 0 67472320 61
15 1 0 0 38524116 0 0 38524116 21
15 1 0 0 76910108 0 0 76910108 24
15 1 0 0 21283800 0 0 21283800 21
15 1 0 0 66183268 0 0 66183268 61
15 1 0 0 50403644 0 0 50403644 21
15 1 0 0 103163480 0 0 103163480 61
15 1 0 0 33292396 0 0 33292396 21
15 1 0 0 20117312 0 0 20117312 21
15 1 0 0 88397080 0 0 88397080 61
15 1 0 0 77327252 0 0 77327252 24
15 1 0 0 21097888 0 0 21097888 21
15 1 0 0 76226232 0 0 76226232 24
15 1 0 0 112512712 0 0 112512712 61
15 1 0 0 19560584 0 0 19560584 21
15 1 0 0 98058136 0 0 98058136 61
15 1 0 0 49072320 0 0 49072320 21
15 1 0 0 71117104 0 0 71117104 104
15 1 0 0 34572064 0 0 34572064 71
15 1 0 0 16514740 0 0 16514740 71
15 1 0 0 61324244 0 0 61324244 104
15 1 0 0 54342080 0 0 54342080 104
15 1 0 0 37002048 0 0 37002048 71
15 1 0 0 9512012 0 0 9512012 71
15 1 0 0 40202724 0 0 40202724 71
15 1 0 0 31236976 0 0 31236976 71
15 1 0 0 35786132 0 0 35786132 71
15 1 0 0 49191364 0 0 49191364 71
15 1 0 0 46288780 0 0 46288780 71
15 1 0 0 19832912 0 0 19832912 36
15 1 0 0 69964224 0 0 69964224 71
15 1 0 0 51810612 0 0 51810612 36
15 1 0 0 26230480 0 0 26230480 36
15 1 0 0 45110024 0 0 45110024 36
15 1 0 0 1077932 0 0 1077932 31
15 1 0 0 6528212 0 0 6528212 31
15 1 0 0 109398408 0 0 109398408 45
15 1 0 0 26059428 0 0 26059428 45
15 1 0 0 26407920 0 0 26407920 31
15 1 0 0 29131640 0 0 29131640 45
15 1 0 0 43046636 0 0 43046636 45
15 1 0 0 30041144 0 0 30041144 31
15 1 0 0 37433160 0 0 37433160 45
15 1 0 0 38095344 0 0 38095344 45
15 1 0 0 109398396 0 0 109398396 21
15 1 0 0 21763804 0 0 21763804 45
15 1 0 0 26059416 0 0 26059416 21
15 1 0 0 49895392 0 0 49895392 45
15 1 0 0 6528212 0 0 6528212 21
15 1 0 0 42844444 0 0 42844444 31
15 1 0 0 39771012 0 0 39771012 36
15 1 0 0 35900032 0 0 35900032 31
15 1 0 0 0 0 0 0 21
15 1 0 0 46310920 0 0 46310920 36
15 1 0 0 25697532 0 0 25697532 31
15 1 0 0 25524648 0 0 25524648 21
15 1 0 0 40051512 0 0 40051512 22
15 1 0 0 31111868 0 0 31111868 45
15 1 0 0 27959004 0 0 27959004 31
15 1 0 0 25366424 0 0 25366424 31
15 1 0 0 410528 0 0 410528 111
15 1 0 0 29131628 0 0 29131628 21
15 1 0 0 39859208 0 0 39859208 111
15 1 0 0 43046624 0 0 43046624 21
15 1 0 0 30512268 0 0 30512268 111
15 1 0 0 18856572 0 0 18856572 22
15 1 0 0 22540024 0 0 22540024 111
15 1 0 0 72124048 0 0 72124048 45
15 1 0 0 68488672 0 0 68488672 36
15 1 0 0 36704844 0 0 36704844 111
15 1 0 0 37025832 0 0 37025832 45
15 1 0 0 37433148 0 0 37433148 21
15 1 0 0 6989184 0 0 6989184 22
15 1 0 0 38095332 0 0 38095332 21
15 1 0 0 21763792 0 0 21763792 21
15 1 0 0 9687828 0 0 9687828 22
15 1 0 0 89074512 0 0 89074512 108
15 1 0 0 56628288 0 0 56628288 108
15 1 0 0 67635432 0 0 67635432 36
15 1 0 0 49895380 0 0 49895380 21
15 1 0 0 75998204 0 0 75998204 108
15 1 0 0 43072280 0 0 43072280 22
15 1 0 0 61106788 0 0 61106788 108
15 1 0 0 37651008 0 0 37651008 61
15 1 0 0 31111856 0 0 31111856 21
15 1 0 0 68280920 0 0 68280920 108
15 1 0 0 44844780 0 0 44844780 108
15 1 0 0 62361328 0 0 62361328 22
15 1 0 0 21570100 0 0 21570100 61
15 1 0 0 28629720 0 0 28629720 108
15 1 0 0 11907388 0 0 11907388 103
15 1 0 0 42055300 0 0 42055300 36
15 1 0 0 52797932 0 0 52797932 108
15 1 0 0 35240500 0 0 35240500 108
15 1 0 0 72124036 0 0 72124036 21
15 1 0 0 37025820 0 0 37025820 21
15 1 0 0 40014320 0 0 40014320 61
15 1 0 0 15499504 0 0 15499504 108
15 1 0 0 41475884 0 0 41475884 39
15 1 0 0 19385300 0 0 19385300 108
15 1 0 0 79381388 0 0 79381388 22
15 1 0 0 32098984 0 0 32098984 39
15 1 0 0 20733640 0 0 20733640 61
15 1 0 0 24920716 0 0 24920716 108
15 1 0 0 61797020 0 0 61797020 36
15 1 0 0 63300480 0 0 63300480 22
15 1 0 0 34172304 0 0 34172304 39
15 1 0 0 24437852 0 0 24437852 61
15 1 0 0 41475880 0 0 41475880 103
15 1 0 0 44663584 0 0 44663584 61
15 1 0 0 44132720 0 0 44132720 39
15 1 0 0 81744700 0 0 81744700 22
15 1 0 0 32098980 0 0 32098980 103
15 1 0 0 47256372 0 0 47256372 36
15 1 0 0 41974020 0 0 41974020 39
15 1 0 0 29441756 0 0 29441756 72
15 1 0 0 42412324 0 0 42412324 72
15 1 0 0 34172300 0 0 34172300 103
15 1 0 0 42842432 0 0 42842432 39
15 1 0 0 29876616 0 0 29876616 61
15 1 0 0 62464020 0 0 62464020 22
15 1 0 0 64180916 0 0 64180916 61
15 1 0 0 27264996 0 0 27264996 36
15 1 0 0 32802416 0 0 32802416 36
15 1 0 0 44132716 0 0 44132716 103
15 1 0 0 45195632 0 0 45195632 36
15 1 0 0 78334540 0 0 78334540 95
15 1 0 0 66168232 0 0 66168232 22
15 1 0 0 86393964 0 0 86393964 22
15 1 0 0 41974016 0 0 41974016 103
15 1 0 0 45238460 0 0 45238460 36
15 1 0 0 46736368 0 0 46736368 36
15 1 0 0 41663400 0 0 41663400 36
15 1 0 0 85160808 0 0 85160808 95
15 1 0 0 42842428 0 0 42842428 103
15 1 0 0 6587336 0 0 6587336 36
15 1 0 0 71606996 0 0 71606996 22
15 1 0 0 122609480 0 0 122609480 95
15 1 0 0 105911296 0 0 105911296 22
15 1 0 0 159063668 0 0 159063668 95
15 1 0 0 60993156 0 0 60993156 111
15 1 0 0 43782164 0 0 43782164 111
15 1 0 0 121363096 0 0 121363096 95
15 1 0 0 153245900 0 0 153245900 95
15 1 0 0 46823848 0 0 46823848 111
15 1 0 0 34601144 0 0 34601144 111
15 1 0 0 25407212 0 0 25407212 69
15 1 0 0 153267096 0 0 153267096 95
15 1 0 0 35288020 0 0 35288020 111
15 1 0 0 37592588 0 0 37592588 69
15 1 0 0 59857916 0 0 59857916 111
15 1 0 0 44880124 0 0 44880124 31
15 1 0 0 54358520 0 0 54358520 69
15 1 0 0 46956416 0 0 46956416 31
15 1 0 0 29050936 0 0 29050936 111
15 1 0 0 38074224 0 0 38074224 31
15 1 0 0 30534548 0 0 30534548 31
15 1 0 0 37654736 0 0 37654736 111
15 1 0 0 28622444 0 0 28622444 69
15 1 0 0 85706004 0 0 85706004 31
15 1 0 0 21045904 0 0 21045904 111
15 1 0 0 52114088 0 0 52114088 111
15 1 0 0 28100208 0 0 28100208 69
15 1 0 0 52427752 0 0 52427752 111
15 1 0 0 158779472 0 0 158779472 95
15 1 0 0 49877464 0 0 49877464 69
15 1 0 0 169883128 0 0 169883128 95
15 1 0 0 23073616 0 0 23073616 111
15 1 0 0 56288836 0 0 56288836 111
15 1 0 0 29862308 0 0 29862308 69
15 1 0 0 36793764 0 0 36793764 111
15 1 0 0 51920248 0 0 51920248 69
15 1 0 0 122195212 0 0 122195212 31
15 1 0 0 53013656 0 0 53013656 69
15 1 0 0 57490856 0 0 57490856 69
15 1 0 0 128205240 0 0 128205240 31
15 1 0 0 38824672 0 0 38824672 34
15 1 0 0 27168304 0 0 27168304 74
15 1 0 0 38371364 0 0 38371364 34
15 1 0 0 7117528 0 0 7117528 71
15 1 0 0 37746348 0 0 37746348 74
15 1 0 0 59986288 0 0 59986288 69
15 1 0 0 24896192 0 0 24896192 34
15 1 0 0 32910924 0 0 32910924 74
15 1 0 0 5694268 0 0 5694268 71
15 1 0 0 112456644 0 0 112456644 31
15 1 0 0 89970104 0 0 89970104 31
15 1 0 0 113878804 0 0 113878804 31
15 1 0 0 23472932 0 0 23472932 34
15 1 0 0 11919272 0 0 11919272 71
15 1 0 0 40186340 0 0 40186340 72
15 1 0 0 44745304 0 0 44745304 69
15 1 0 0 58649296 0 0 58649296 72
15 1 0 0 95074852 0 0 95074852 31
15 1 0 0 40931716 0 0 40931716 71
15 1 0 0 29697936 0 0 29697936 34
15 1 0 0 37711024 0 0 37711024 74
15 1 0 0 41167204 0 0 41167204 31
15 1 0 0 38973064 0 0 38973064 72
15 1 0 0 56702364 0 0 56702364 31
15 1 0 0 78165456 0 0 78165456 72
15 1 0 0 43072532 0 0 43072532 31
15 1 0 0 25596680 0 0 25596680 31
15 1 0 0 58710380 0 0 58710380 34
15 1 0 0 29966316 0 0 29966316 74
15 1 0 0 68389608 0 0 68389608 31
15 1 0 0 78020064 0 0 78020064 69
15 1 0 0 72762068 0 0 72762068 69
15 1 0 0 16443456 0 0 16443456 74
15 1 0 0 27032684 0 0 27032684 31
15 1 0 0 57486768 0 0 57486768 71
15 1 0 0 72733804 0 0 72733804 69
15 1 0 0 43553316 0 0 43553316 31
15 1 0 0 43569140 0 0 43569140 31
15 1 0 0 25167280 0 0 25167280 75
15 1 0 0 53183836 0 0 53183836 74
15 1 0 0 41400128 0 0 41400128 72
15 1 0 0 24190760 0 0 24190760 74
15 1 0 0 53426576 0 0 53426576 31
15 1 0 0 82594768 0 0 82594768 71
15 1 0 0 55557172 0 0 55557172 31
15 1 0 0 75265432 0 0 75265432 34
15 1 0 0 30414636 0 0 30414636 31
15 1 0 0 45766328 0 0 45766328 74
15 1 0 0 118073844 0 0 118073844 71
15 1 0 0 43113804 0 0 43113804 74
15 1 0 0 31932432 0 0 31932432 74
15 1 0 0 100373432 0 0 100373432 34
15 1 0 0 111391612 0 0 111391612 71
15 1 0 0 36303172 0 0 36303172 74
15 1 0 0 135852508 0 0 135852508 34
15 1 0 0 129170276 0 0 129170276 34
15 1 0 0 130884388 0 0 130884388 71
15 1 0 0 148663052 0 0 148663052 34
15 1 0 0 129718752 0 0 129718752 71
15 1 0 0 147497416 0 0 147497416 34
15 1 0 0 147275772 0 0 147275772 71
15 1 0 0 7695272 0 0 7695272 94
15 1 0 0 165054436 0 0 165054436 34
15 1 0 0 15917580 0 0 15917580 98
15 1 0 0 125533148 0 0 125533148 71
15 1 0 0 143311812 0 0 143311812 34
15 1 0 0 6921824 0 0 6921824 98
15 1 0 0 46238024 0 0 46238024 98
15 1 0 0 43026988 0 0 43026988 98
15 1 0 0 50336748 0 0 50336748 98
15 1 0 0 68044436 0 0 68044436 98
15 1 0 0 76426352 0 0 76426352 98
15 1 0 0 46043028 0 0 46043028 103
15 1 0 0 54233520 0 0 54233520 103
15 1 0 0 91742828 0 0 91742828 98
15 1 0 0 93904208 0 0 93904208 103
15 1 0 0 12079760 0 0 12079760 96
15 1 0 0 92191600 0 0 92191600 103
15 1 0 0 43248940 0 0 43248940 96
15 1 0 0 64594224 0 0 64594224 103
15 1 0 0 70933856 0 0 70933856 103
15 1 0 0 62523804 0 0 62523804 103
15 1 0 0 74048604 0 0 74048604 103
15 1 0 0 109104380 0 0 109104380 103
15 1 0 0 25069504 0 0 25069504 96
15 1 0 0 140269636 0 0 140269636 103
15 1 0 0 126851048 0 0 126851048 103
15 1 0 0 96485204 0 0 96485204 98
15 1 0 0 131532676 0 0 131532676 103
15 1 0 0 94233796 0 0 94233796 98
15 1 0 0 162946656 0 0 162946656 103
15 1 0 0 123767680 0 0 123767680 98
15 1 0 0 29462532 0 0 29462532 96
15 1 0 0 135181468 0 0 135181468 98
15 1 0 0 9891680 0 0 9891680 96
15 1 0 0 42153324 0 0 42153324 96
15 1 0 0 39187356 0 0 39187356 96
15 1 0 0 46775764 0 0 46775764 21
15 1 0 0 48895112 0 0 48895112 21
15 1 0 0 33625712 0 0 33625712 21
15 1 0 0 49801100 0 0 49801100 21
15 1 0 0 27290912 0 0 27290912 94
15 1 0 0 47144372 0 0 47144372 96
15 1 0 0 21484524 0 0 21484524 21
15 1 0 0 21955936 0 0 21955936 21
15 1 0 0 34352068 0 0 34352068 94
15 1 0 0 37325852 0 0 37325852 96
15 1 0 0 44550364 0 0 44550364 94
15 1 0 0 47039564 0 0 47039564 96
15 1 0 0 68293064 0 0 68293064 96
15 1 0 0 75250296 0 0 75250296 96
15 1 0 0 104053584 0 0 104053584 96
15 1 0 0 95678192 0 0 95678192 96
15 1 0 0 41191376 0 0 41191376 94
15 1 0 0 105063588 0 0 105063588 96
15 1 0 0 111263752 0 0 111263752 96
15 1 0 0 38168108 0 0 38168108 94
15 1 0 0 43364640 0 0 43364640 94
15 1 0 0 51470612 0 0 51470612 94
15 1 0 0 55447368 0 0 55447368 94
15 1 0 0 44360696 0 0 44360696 94
